1894.9906868163725
360.3765411349035
210.16303750770214
-125.47747946459788
3693.6259097951097
1103.032634426992
51.58647935652709
1047.0317177720408
-25.299208159966952
-94.36662181679537
-774.3006843997151
-309.25549649676145
-94.39787953236328
118.45571339269827
-288.23968535553627
212.76228038274235
898.185259874992
-100.49694136155108
4033.2625432831915
1983.6984201961595
-873.315861444847
655.2898391429575
-320.35012836294834
549.8086208444392
2085.749606098513
56.052929827022695
-438.8376515632268
3948.511098130544
175.55802690201648
480.53364105647694
79.62621628284774
488.7391977914556
133.18400297653966
603.0461646970135
304.0497254829074
-550.3871588139694
-169.9773535209896
189.93900761518182
1129.4150063852603
821.9289958739198
655.2898391429575
-647.5140472896738
467.106162657941
705.052848535506
1181.2604991421072
1723.4341799862232
4749.959611281346
1122.3693109121207
230.11137131165697
475.24211864851793
735.5837827076066
1121.5373942742929
939.6315768562727
1253.0245586937365
928.9712428123019
-452.1472363894301
-734.6201887486469
-37.443113286889115
154.32116545504152
-417.6813144517936
1627.6477594302517
131.6024510429536
822.5145758446877
1920.2007020413494
-235.39900994121706
674.8781399743956
608.4333404008094
-1406.4713160268188
729.5830468583802
410.55830074647974
-180.78691727883722
2723.548562821794
30.736910353173585
-601.3792509495935
-61.27935514088256
284.19209285522476
675.312920977535
938.9395072052812
-194.78716879239812
22.44819431877147
3474.12911285655
1345.5418691499362
114.37722246247552
-8.243886356918551
-63.76628144774952
2160.8768143504344
-412.48325416467844
409.7061067228061
238.93391094094454
503.48670903979746
740.2111260846112
492.56414781966055
657.0906090143538
442.7621138537845
-118.66498077371307
1177.6345616247918
1241.9421104149715
952.6387947893485
2615.1757586409285
206.11636101244278
-262.06861759235244
2221.079804872507
-86.51670932365221
351.44642421091334
710.74829887778
-110.10145739586903
1899.1038233870659
624.7964294590645
900.0724472032175
765.0287802421577
3097.7727027779442
-1306.336844088501
223.4441563072741
2693.112774028976
712.2470658711118
7.3316963166500955
-145.23601412530627
595.1170207256289
2124.000283102135
-569.5961383518021
508.694034654178
618.297528239426
1476.0320260830822
-623.7817945356704
438.58335154940113
-135.58843202124865
655.2898391429575
659.2699077651852
153.79535699240841
425.19823887519146
2966.343210335453
-829.4547509671607
-429.98494487936284
-399.83039762778196
1015.7330582935638
2371.633736316195
542.1689601167378
-132.13381250592988
195.6046519486618
-635.3120660312553
1105.5631885099924
-977.1456884136177
2007.4029706557749
-504.9454225311098
944.3710185785075
258.61288386870643
288.0121223211117
907.2045265812669
3291.351495460661
-705.8097824152018
-218.09981667897785
221.70780403115896
1206.268075703214
938.8904622930672
-203.58783171304196
-264.0539951198899
3408.183090062206
-222.13356099810346
1187.7287219423683
758.5902587117137
-338.9064139231407
-618.5651008645731
167.77007767908833
161.0264702765578
810.1044335134932
370.4206050548012
705.3168569674158
-265.91874957439563
742.3863899834896
236.00460151317367
-242.76219117576488
212.37622524153676
129.12677256121617
232.19346236799038
685.678991438261
200.77031957531244
1294.8396344572266
1675.8268221859166
-76.59960407370033
10961.907201428528
779.5550436243054
1077.6295791939729
2802.1719211746176
993.7844517901448
126.44621228748076
911.3663811724327
2897.608015551573
194.69491290966818
683.5116190624253
635.2799825893318
1916.7873138353289
875.0411159494454
-1146.2382770218223
-66.91431970033182
83.71237752319246
-388.0757716292263
3186.49744266112
1429.7788330959506
794.2563744206304
-115.92835202795698
-306.8360456732771
789.6242366642755
251.73323660115176
-103.4338731889369
-597.8194132201578
2675.23181458697
-301.11778652719863
-91.757688691716
1108.1484660527856
522.4290882561734
123.92052540260124
630.4365052902349
480.06733881312414
284.29663350002534
1082.8091879398166
1268.001892181143
-4.68585130399299
-933.9511596423118
-419.6711193173202
-425.8601962708343
900.1181283919121
304.7033379494352
3224.8574958144004
417.2382407130994
799.7969504456746
686.5744622223492
-40.42714171474677
-79.75437915048883
61.24186933890098
666.0570078229314
-235.41705170964372
2317.980793151305
-376.8335113355082
471.1233351573376
2629.661080558244
-51.795658781547786
1346.9720587608444
20.267858936300968
670.6406932714424
390.60163372444123
-329.362254303237
13889.021537084982
-0.5362653998087126
82.8079902950941
-140.02724821217544
1903.4955948527659
-285.67189604880275
83.3287956759375
248.17001581317612
2239.300564311985
-348.71060593854247
191.74404166383454
76.10814835775341
366.3604269838079
481.89130623241385
129.0998198364772
1374.3050284354517
-427.7729140475659
156.28659651166424
341.240558561826
-287.5786186902411
-222.4677664280556
-201.43001122463636
-615.8736668781536
-845.8751364871774
1344.9828068594502
323.3710507942783
191.71436385864996
-40.42714171474677
335.16777532926506
160.65075741167982
-355.55493282021325
549.5509507530882
724.1117621213184
241.47219247871055
1358.7061968020826
510.8480624648786
230.10128209113378
-1144.4050658525066
823.8070377614656
708.2068383960345
-429.40453584598765
3063.4735010112386
655.2898391429575
719.1688017906436
1613.05028023528
797.1418455044953
681.7277084145668
404.1729237983219
3273.09928337266
288.87261649577954
539.989414183247
-472.4030374745606
1442.795502201705
493.8029059956524
2047.863033058777
277.5157820390046
1076.9703055808293
655.2898391429575
-822.5009080982442
1209.206212401849
568.1007785094317
-599.2940533075852
954.2059130732237
-47.301071022094106
-282.66881376380354
664.9884821750019
5.416312824958936
42.56098570593258
332.1670108666703
450.70408571381995
779.5550436243054
3847.621190241655
1003.9728091776126
429.5797138749326
2495.5756329030596
2751.3107173976673
1460.0974312539208
139.55378411304866
758.6523700450298
163.3359783723442
655.2898391429575
-16.851516854367446
740.2111260846112
718.9631585234755
1927.6780617996037
705.3043002658255
327.55007227751946
654.2632161905517
-167.88395591416315
-185.68998643625332
613.9286706082979
-340.51640908791876
2758.6818811855264
-564.9756217370874
1253.349929529976
-11.6349364143731
-90.89788918263105
-215.2930875122462
3086.8787122588233
362.4522156245234
4026.2188199123434
-235.58668455964767
894.248200787441
655.2898391429575
12.401190186040594
281.4277971302015
14079.969045213595
1122.2883888221218
946.5632879409607
965.5716029038083
-673.2211147113654
229.56281766058402
641.4095542681314
965.655671360095
-16.59882017870143
758.6523700450298
392.0829718930421
734.6789082263845
108.6784375824393
-154.1986150318229
267.51580622060453
1502.8172469914052
758.6523700450298
687.7730793308403
-404.10722917883743
387.3004481723923
960.7472407655064
-243.5498325780428
1780.1406350983125
-504.3388505456793
748.940070617626
304.28354211435243
-574.6312919624824
347.6420514884991
1187.3372434537987
287.52915851470095
2426.199036574183
1151.3949046825812
779.5550436243054
672.1746814453763
1875.1447436519393
-3.5946088714787265
-584.0045090970042
743.9558598918662
1351.2454291911545
5.494641510526662
443.6546136858793
68.86099178207371
56.06164954719179
-331.02148440638484
-462.4404122393295
254.7440334872988
40.266119145936386
-546.4488470401246
3.0428102722427184
1252.4059583221347
164.67508128833992
-89.54207461431304
165.31457850519445
1730.2399525283713
655.2898391429575
1269.886125593804
755.7323458957443
655.2898391429575
952.8292932083915
2848.397470900472
-265.0263560614022
390.5863288944663
779.5550436243054
-108.9270425321696
-326.3335287625192
278.46187468699105
318.9630719970255
-420.7105867996373
255.8582113405448
16.256707852899012
-848.2846022278796
1736.741136144166
-575.7922595968422
155.4853633534574
1086.9332437479432
195.91025331076742
1934.5159413737024
927.6146978545225
-256.87089467962267
-258.1180727815655
974.9493336507737
230.62506948556165
-673.0680566076045
1337.3341421711507
182.3760252913857
-180.18856762353653
1223.6646735651095
-398.0602436937455
-1233.6479799929616
-661.4247850117616
-345.005164269282
-526.8670328750674
1004.733089964686
279.07979994083803
1142.051440455134
655.2898391429575
2129.4154914441438
332.1670108666703
1597.9639146537966
220.0564369308213
-580.5483374084703
616.5965651582153
918.7617332958007
1150.5143736434052
1892.4453081197084
380.989352866177
1837.4876595160445
143.4077291218814
-263.1063396558177
198.1718777711709
-923.3795674214583
366.4822777384736
503.91054200995654
1873.7419490628035
1334.518141409918
1076.7256821568271
452.84945645485243
-69.36476314263143
900.1181283919121
-834.4289145230315
60.2804719966656
-128.0502905239316
216.46085960242482
-576.3430986697512
953.5269538880757
-14.79409811813423
335.614167883651
1329.6103841112372
-998.3602113336593
3303.2134465210443
1248.4885931249237
-205.25537453492223
647.890241850284
3608.0933024580077
317.9981390507121
223.8992761929416
655.2898391429575
-175.0298321829083
1617.9130636752138
1259.7210274704491
-117.5845745867606
909.1831734945813
264.2108778406123
146.89599099647876
2202.8383582428037
361.2206626468243
4690.351601877491
-61.423094683099634
222.52039773686022
-521.9320249849305
655.2898391429575
1111.3976751465855
-628.2544422954369
758.6523700450298
1786.5355924562136
1015.141754352254
1636.3567065458642
262.30873372454624
381.3359495005727
-323.20505578224913
-462.756984945872
-303.58834370139346
-273.6955252950979
370.7458729026767
-383.3927256646108
87.31256145862562
1835.9551807972525
808.1434263371555
3281.346830597535
474.0130393438843
655.2898391429575
612.8106758574677
-226.97913230868915
237.98931826763987
-567.2442369067734
717.4506068276833
-133.9584629789365
1607.848276902289
-127.3406726743101
614.404721596191
-23.950444939314252
59.47104762429149
-1173.5636803203292
144.1746892025609
422.48277385810457
103.7469175787511
-205.4422283128265
-288.2831633876523
-316.59411833691365
-580.5483374084703
708.5668168649217
388.6435908968512
-215.95865043142828
655.2898391429575
-522.7358124193366
378.93915635273834
1220.8761765604877
-474.51004120673304
-1053.3551001921078
-482.1647587455192
1180.0934037987756
-61.423094683099634
258.02693058458993
57.43932324740308
88.1150407424891
4185.698689702395
97.33657862007465
655.2898391429575
-61.423094683099634
6.5625910535238745
1215.234474097178
685.4699387405831
-117.58008120705074
-400.24126652516236
112.34580337775617
-125.1525379979106
125.62089050002623
690.7901099438196
498.45578725862964
941.6195020430338
849.007113088713
355.76193298630255
1696.0876034770713
875.3169950653466
-480.27775970944356
655.2898391429575
-417.1604023772394
-399.03061489929553
-654.8072459987499
-36.07150316483819
3390.617563685831
2178.1072129268364
1059.455331150365
8.05748566323075
-79.13361676354532
-60.44111302608792
-226.34449801017183
610.7046293322752
-57.51993361795178
921.1741387289553
793.8407976864166
351.9869629859964
476.40571381906085
-562.2742452873568
1846.6209715694904
361.2206626468243
655.2898391429575
325.3532105905897
-39.98804520412705
-323.18025360530623
-413.66847375961254
2135.8591290122718
1449.9265484351404
2646.7980381184575
317.98533948983925
-328.5123585015948
-72.1416594792612
365.7554489565716
672.1746814453763
-273.5822177714398
336.22587241034034
3674.451548962992
-417.31649570791376
998.1597188543777
266.24839643422507
11.644840354647272
-453.85905628702847
2326.537228286742
1008.7346181339877
8989.00100728826
2494.070520772894
-56.27179530127262
-10.031721432812105
273.1705223661496
4.340541718543591
-216.35317990624242
-318.644265940849
570.3160044543051
376.10688128387096
1944.0206802983557
-1453.5944358660226
1083.5087075142765
655.2898391429575
-91.00483949466422
37.041661070162945
1439.4787447316303
700.8128838794046
160.74144329804489
157.81324668792968
1371.867319500312
225.51902581972325
1154.0182185756557
-114.59207581384851
779.5550436243054
2765.9557648745645
533.6838827423105
1024.226911809461
655.2898391429575
-6.961944010560046
-164.12282998537296
1291.4435339789452
-539.3554067309007
643.0711366292882
67.63224800137186
-268.3409106281432
560.6482823057985
-298.4329582839965
514.364284898242
-120.56328967883246
134.85654321148104
-731.7395036714983
3766.038869960856
-183.8348044360282
2665.512338157842
655.2898391429575
586.1859376382316
852.1277955728764
21.357505901686977
534.5980061495906
-793.2728875143231
674.6779328357097
1591.6932058783561
-338.20311821597636
911.3663811724327
2638.963709983303
-80.0422766448288
1854.6440115175783
-289.43717129380343
1605.0386414880772
752.4190376297762
2813.1164829474055
-1018.8602875581863
-210.88559252211917
1760.0933538707059
1785.0364541503209
-423.97715748762005
666.1669027475266
164.09636896482766
655.2898391429575
-111.08361288382332
1436.6071082308154
127.00981932407888
451.5095979056713
299.91800494485346
3530.3018620318016
268.7013896027458
378.9950535267275
355.54098974836995
2422.56016035873
-12.608410210769534
219.76442525079693
1619.4365897337198
-461.5647004339759
665.986371359108
499.24951071954507
704.4733580278955
293.7947768168814
338.89245256947584
1594.551635713868
2328.70226054391
287.80777004031313
-219.07159785836677
-52.396694415961406
219.57042785231783
1597.3294796031078
193.21910571825822
17.077722724843852
-301.82323025697076
1812.20153637077
655.2898391429575
1463.295268355158
779.5550436243054
18.43532301400171
-452.02968090607794
-69.68884613367823
111.99002992558201
70.96212261006622
241.7343739584387
1465.6965643587018
651.7985306089189
2167.513662403963
287.80777004031313
720.1446731537594
779.5550436243054
-489.1023602752763
655.2898391429575
266.5163187665696
-84.19265257072539
919.050314800098
655.2898391429575
880.6573975338578
2374.4254875972288
38.34681919998468
-499.0612672639305
-562.0563972132699
100.55623500245122
1096.5070867806432
482.0997970871865
729.1105875807237
360.7710422971164
-93.39219492326754
1263.6629291438635
549.5879319715949
2877.4790452784955
1528.3200663625198
-136.04108937331182
1306.1488899318201
370.54925827226026
545.2311709957959
2329.3852853250155
2329.3852853250155
-735.6032140889125
1689.4625370627623
257.64159889216904
351.9869629859964
-641.1486148210334
730.1603214810326
2506.2063235402825
-1213.1539715815325
1329.222755722143
412.9723456262508
1784.284951947997
-237.1711294575956
823.1492232626105
744.8091896474275
-350.9720438775321
905.4984920869395
1571.0911014462986
134.8437833073101
818.3415118684591
-671.8623054014571
1051.2655782938743
-515.8548998564426
233.1045113091726
51.05291539843938
740.2111260846112
-500.44691523421045
-270.9932305897355
655.2898391429575
-645.4810087170998
-592.532164361218
655.2898391429575
326.5510175586664
655.2898391429575
1644.7745735361323
-83.1268821802256
917.4207945124061
59.879988870740476
321.35928257700266
721.4389934167551
-91.8941934798645
546.3221537246593
1370.2187493423316
508.694034654178
655.2898391429575
520.5629066243505
-1030.2935482485395
655.2898391429575
955.9051888925774
655.2898391429575
307.24173068413813
40.01300437034399
-38.485454908272914
2639.8038901927976
139.26940998909924
209.51674119022852
705.640274042608
1973.8661057624881
-640.141687261187
-732.2534470533868
1319.427212554976
655.2898391429575
338.89245256947584
198.89070356176643
-80.27839964681777
-223.18792769462834
3165.1327759215737
-684.0878296833977
451.6675722086922
-81.295214287161
1165.7338904886096
168.6328686535059
1072.4113072765829
1372.8721872082242
118.80839823193548
-248.05865259096458
1290.083718841278
615.0137835442301
504.4046673254003
656.9461987887128
-1329.0763994610065
-645.5929945504887
75.05103557610175
880.6197670332932
-280.87853194333957
3782.481936894077
-547.8663005762209
382.6921206059226
1001.7727139633737
655.2898391429575
771.8612705728793
1206.307947601509
-40.32191559496755
-386.6174101321436
-690.6688868636835
1482.3660934737845
908.3505516981719
49.73476783231331
394.83145786984744
756.7133260867695
584.6537918861859
174.38560702102018
1462.0498828781456
61.156309590970864
-358.7292975667267
1008.1666622014127
1106.8939814836997
-248.95975748911303
655.2898391429575
414.497243712259
299.7879671004988
72.08093655462949
2690.390812004854
-248.19444136058826
1086.9630892753653
1031.3522259698586
86.03690006431123
-351.30240657344586
-167.8266489088387
159.11370598153445
187.7491981759482
238.4788050431439
-91.93316389815766
497.22707166163775
1702.6843725396502
725.7004456290351
932.6899081431545
127.00981932407888
136.7722898717584
842.1342454340582
376.7218569148183
471.27581623263734
-149.6960108229905
-431.0642057887427
1685.2661715805352
1614.7749964134546
610.7563147905279
-1310.8652193505618
270.87350208085985
-320.219162234406
451.46076351186935
1001.7254305479399
3712.16912327866
1194.2944458671718
2596.800215734228
1952.2851574378296
-48.114815675970476
978.2569362344659
978.5464101314951
283.1832567398633
848.4823071087258
477.1029613594085
6381.527693087902
114.37722246247552
209.4258343809861
442.2182009281212
-313.2149925815395
2674.4769342909026
662.7836291028482
-601.4789948280362
-840.7909875565152
668.5536420023418
-195.45715155961966
-276.9766413845456
535.573969657139
962.6329692272983
187.89390096915224
168.8147501926174
880.5121129348394
-570.8911533265208
589.1412111567745
766.8807617299079
913.6551175733803
399.94354060606815
308.5427811811702
-332.88328054177134
1244.2649173145032
125.7992735941682
1182.5905952726523
857.6355324058927
655.2898391429575
-602.1138046097034
-455.11120908688247
-247.52174919772915
909.1831734945813
785.2476629006774
312.8854670101039
1361.4134819901428
1188.5219881230219
928.5751786755111
-213.99711256065882
1722.980156662732
-179.7449844516599
-218.84820350608413
671.5236573752217
331.0497759427158
2751.3107173976673
-322.32612238540753
154.06100852753144
655.2898391429575
1386.2908055523417
1383.6058433297012
25.83056660078671
-511.8326085599102
42.29526045015632
346.3205527282098
505.7760748044195
-250.72032496392922
1314.5698684651197
-77.63089486725084
779.5550436243054
655.2898391429575
-161.09060231589842
2570.1579793320493
-234.71422639842797
-2.679236843629269
845.3620401087021
116.27548224153043
-896.8756798969767
-204.23738928668297
170.0266848059029
2266.9844387506087
541.4388414346795
38.86820997538405
779.5550436243054
3500.2912147039574
461.63560453002174
290.1615164757596
537.4092011381434
1004.9086010033811
-105.3315606290256
-493.32756819797567
505.82075430002925
266.41383071855887
681.8775357027394
-744.721816646134
-943.6529409283268
1234.0720619690373
-136.36700346504563
903.6334710578465
669.7104656517233
5592.447390315153
191.03511906976593
1629.8813545778928
265.9341387452346
485.84157870290386
502.5978162858693
818.1738385965866
1940.0484281015265
-281.2099615692679
1188.847711938602
-246.67312348370297
105.13903885617606
795.7529183862246
476.64680942823
2880.462070984378
1369.2973885726378
355.2365455680531
-435.7644945541989
-1143.3130693504881
283.9322171884355
-182.80676794981684
2353.683244972363
1498.396751212345
779.5550436243054
-67.70047502214345
1942.5022752404907
266.0327098479012
-339.43326722836844
602.9288861992491
170.49635729636663
152.43206588863222
466.90838382284704
655.2898391429575
1308.722177500209
-193.89680553122423
-314.7016223709454
-426.9990058018983
-2.15548339822692
2104.2952068666987
656.4576925420001
-191.05285547946266
1613.9383425872857
925.4135265174775
4141.283862918304
1671.5609258632376
756.999831832521
479.27891970038036
4266.188582479953
1072.2946357751237
3165.3750697605938
167.9749657104736
1361.4336935391161
735.8601670675403
-601.7337533534661
672.1746814453763
-321.4571718448309
1884.3246525734326
-35.783788950837675
43.59482825531984
187.25503299652377
198.63914429037135
168.93844451861912
852.6761423738011
403.3989591547007
514.2853875880796
-385.4758623355077
1051.6626054580363
-244.564790237108
2916.312309974914
289.35772596058695
-328.5171526654709
985.6682458564266
655.2898391429575
286.16987281932904
-364.1042774991595
275.3729268995635
-76.67521717737725
3259.5962377674327
-801.2746535837008
1216.675319624565
-352.7065475832645
1319.0654522415423
-8.573922364004261
1962.252951668433
-179.72265176789347
310.37644515693586
1925.2440932707214
207.22825356129806
1508.8279645334114
69.02423843155225
290.86421101765154
21.433856148177142
-467.0858607571091
775.9999888731157
-1320.4343240125468
380.6016624697392
8139.689780278181
-837.8175024672488
123.05947261627318
2839.1900706584415
2408.3409136501396
-400.9412748284677
-556.2467348007664
138.50151207341617
214.78129554622348
958.2661838310611
57.888169001142046
107.02971324711018
979.8062920652137
440.5970263791925
649.3607971050924
170.2065367341355
703.9210470655297
-433.70959783105343
271.7244541990164
-105.18725214253391
-505.90013872684324
558.75138201407
-95.2825984458965
655.2898391429575
1956.5202798001928
-19.472120321240368
-249.07620424718277
461.2236266094364
-467.5638623610124
1133.8755078326649
262.2338157236054
463.8855586911069
1233.3362010873811
1489.2934085364354
204.04618894158432
655.2898391429575
909.3470227936989
-363.8419902757113
119.50745130028793
1188.3612690652153
667.1724479633208
846.7069003059787
611.3919941704528
-208.8709104742744
-445.0996763250356
-102.67046926135947
493.12767956269397
621.7540996366297
1205.0865230301526
2384.7044521594407
-230.8068584300613
-413.3118863724077
-379.3258747042793
63.1282555927869
-710.1123611738643
10.191572771673464
1902.7067268311544
237.49949856634726
-333.1026463311937
198.7364777099603
63.76482520853233
-234.46708317020557
1217.3377196994065
64.48232835212741
2557.6903214571284
-482.1075880243517
596.9995990233385
868.9139908476164
-447.88540939684424
1508.3951538641695
-25.416553677012757
487.87110222503225
-368.1960385103821
74.60459508171095
823.1492232626105
3097.3459263108543
625.4264918609351
102.70132574446632
1194.875676048756
417.0304559153787
-2022.5573960633947
444.68856499757226
-191.97345600732672
814.9999847579337
486.75206748051204
151.15093069050977
-805.3871471619615
14.83995898973933
-96.80761151784066
647.0672639965455
655.2898391429575
187.25503299652377
327.71206314337445
344.9837018449537
1066.2517845551406
210.21384069377592
684.3881688627276
-111.29984442367345
4657.863182981806
848.1813485892459
672.1746814453763
1778.497473216959
-187.27333330411625
634.8578574848898
370.09485416310343
42.83105139119539
778.3262733216833
-171.77656850436063
97.82876627019482
3388.7488391240486
527.3191773294773
1654.97954992308
803.7404981625343
-316.2880245045102
-122.52266612067513
276.6884723556928
169.916650267725
-324.538956564754
1199.5548896400135
521.6496487068317
643.0356048094944
-617.7969728520367
-363.65361969662445
138.2301183647828
1005.1872705722504
-359.70308901351757
655.2898391429575
1449.9265484351404
512.3252502154737
-204.35109241837756
685.4167702370866
4442.607689509172
311.25330045685917
9.081674568969675
540.966896340853
779.5550436243054
655.2898391429575
140.9209256480284
261.81081243164067
-192.61700656952598
-142.7124412288024
-340.5980035204857
9012.37830129397
-1266.5606203594762
1337.7636570527357
340.0093603470309
712.2470658711118
921.7642715952095
808.9438981701572
103.70169048428545
-185.398434602154
22.717328796219476
284.86065979696093
329.5084935097212
-350.2831561662483
-105.89454242098896
436.09896304631275
127.99533109835352
-610.742623758911
-39.53175933646537
302.40357983915345
1047.4408807003551
-1.3878283361284502
-1087.6075528471038
779.5550436243054
655.2898391429575
2258.327136247283
1711.6504676533013
1883.8842779895472
967.3233711642938
-63.464572555273094
247.30327436925904
348.19887846595907
322.1568019341517
-342.85327666141836
208.37948356486652
597.6250530374919
37.39700975473079
327.99283248594224
-76.06064373970491
779.5550436243054
232.1989788637482
655.2898391429575
1546.2106315838091
953.8442377636634
-1007.7748507727453
-947.0720836844015
-232.15762894148816
655.2898391429575
-44.458092039423605
-8.006859341937911
-97.7902930484023
246.2801714056477
413.7953055553492
124.61655451756462
-103.0385563855873
-510.1632982732689
497.83688146345986
5.119330919051322
1024.226911809461
-593.8348534992421
-586.3412668171608
930.5661425566999
73.39898459541723
1896.1106946524728
169.96445225281292
447.93650506397216
1370.2187493423316
-21.50938916340567
655.2898391429575
3771.1035637925484
6625.135439174351
939.4473401163757
1105.838752781422
425.0190288569857
590.6157302805132
-415.86340546440704
436.44703109406294
117.64609616237681
125.503307620491
51.637000632060904
598.2397973114245
63.6105872978701
-451.0119971735004
3561.746141205084
1420.9171409817195
378.35383191474904
1040.788245821184
-1066.5779593647908
823.1492232626105
1109.486732965638
-46.219092371727584
442.6136042110976
567.7320463487557
5.119330919051322
655.2898391429575
-216.09652040252
1032.3617444172435
777.053476937852
747.3482628369018
-179.79556126737918
593.1930353410934
1362.9582178788605
552.2219462491232
1369.5773434571834
644.0202552740689
2034.3426803347343
839.9203399476037
-286.31105769094586
-499.4535107379826
767.3462825435499
655.2898391429575
190.10782798450475
772.1384464466533
92.30586241413403
881.2080556472122
-470.9917944164325
-496.13192315327376
122.23549136993131
921.1741387289553
566.472452582583
1541.7527728325504
951.8034134255741
293.69851247727604
238.32764936895114
3821.07546422088
168.96853107903917
1081.128987786025
609.6157063645925
611.3442766943251
290.9180610239719
158.66965345322296
-872.9057623470372
230.10128209113378
199.35729225402338
876.3686304094134
-135.89304608592045
-438.96013035401745
655.2898391429575
129.65492418138433
-137.6426352981738
-612.4745421399242
-66.23978325040582
254.26341917629145
451.54879799436503
-407.555721962609
4617.059051534052
1040.788245821184
1370.2187493423316
837.7874369473499
2402.1717813590917
1308.254974493224
644.9660180729705
106.86994671094828
1392.9456133911967
1685.745807518541
1098.2807501071018
974.8284283074474
658.1464970826668
-701.0020667060218
-596.3236016961588
567.7320463487557
2786.127340079523
81.5579384295794
-185.26922662431457
2374.660241101267
2049.842855953128
311.4719502079473
683.9488153948199
-112.69473546246172
249.55224071126742
819.4120607950892
-596.6336668011828
1495.079938290969
219.46734940630256
926.68932128067
-164.55802003221663
78.27593600267733
-634.7614991456518
2007.186686357491
225.01271800552416
768.0964768418912
1217.7484543825155
862.2365890430576
655.2898391429575
3415.6187599794853
3331.7106016940916
487.8203464235204
-305.97425407627657
931.3893999087863
-298.63447984392394
660.5155739472141
127.00981932407888
169.75090352453526
109.02189214963562
-105.79629918623095
559.0584707446836
4033.2625432831915
-293.78337433065474
196.3659500472454
1721.9707393739077
743.3087609952693
508.4914061288631
1088.9547663112853
916.8329639709876
2148.6191278729148
198.1955312887933
580.690014936107
1268.001892181143
311.19202860432284
-1128.4704233857478
-150.83207924707585
406.84928126055996
610.0910125795742
429.14794348911147
675.312920977535
-204.03246226823273
2271.266253927281
1785.0364541503209
628.5875015277988
-128.12280534340903
1180.4776721772064
628.9011762728912
-428.93822331105423
596.9925316878964
-386.49697124679426
4384.788241224228
970.7049618105734
215.52644274009077
2106.136239355311
-99.05073635037274
2503.282194333827
672.1746814453763
545.8231437109547
-69.0550685932011
919.2216940349692
1881.2945194882254
-631.483525480012
-305.1296215219003
254.5001662919018
492.65162653376774
793.4791774405323
1395.893290691517
-44.15796203973787
-884.1372439031626
2440.578469314341
3306.467624052401
548.9727684308543
615.3337752582424
902.3141501941013
-414.94030247556395
-263.69800166357265
709.1283030010998
3624.610102966221
-141.38963831675449
688.9971976761799
1242.8277846532287
1108.729258579855
7274.550530764678
655.2898391429575
908.6917178325715
979.5023156293057
1244.7497171710565
390.959467218292
248.5391439432343
1301.5617422295982
655.2898391429575
991.9652258735914
574.2036985292496
1634.7715952456547
-648.916707622005
2349.5791769776547
-565.9819758622526
1211.425776926902
504.28342995993034
-390.7362531393129
536.0597242447673
2286.0872439139957
-48.114815675970476
1321.0378486825957
1455.622751093756
642.0279035566911
-971.3551171362266
63.03100688019356
355.76193298630255
879.9909066326243
174.90973990003988
33.53199633591248
678.9116611318932
-182.61178483361084
136.82413931229212
655.2898391429575
1037.697706858743
1716.4186401343763
1904.9708232846779
-868.9836399782945
483.63274470230056
5695.994625148263
655.2898391429575
-461.53315546721603
-492.750625845384
189.52875169847493
655.2898391429575
1082.8320559082636
860.7205971533081
398.49483068244876
-63.507750044181535
1181.7479656344758
12.942192409728932
-1108.0486794610806
2386.8299500045396
74.15050811487083
68.95195738591235
1085.7319736996642
1316.734942591048
370.54925827226026
1742.04161730859
1180.2091900379328
-792.9287351152192
1294.3093972935453
564.648147334449
1486.014149876205
253.93168147035448
505.8705317877196
4990.92018408245
-390.5479490818906
427.92950679257297
1089.343363287263
-141.5734502621732
-424.71212146854657
-198.84245068400742
655.2898391429575
234.07768114043472
251.22048459261725
1069.2683442817124
291.3302227480209
-598.5809261351882
1251.4097969946129
-537.7683044218044
4080.036856161452
973.02491687854
132.68089254889628
-574.6337533676239
1183.9413784359404
-43.86140807045831
-211.5962577276141
1105.6766304177447
311.88341990916297
190.1690339172386
676.393734650277
779.8415060180274
403.65783968284705
825.770756269982
614.433898194442
-987.9594355866403
96.97531776458231
1657.3929384669245
-882.4163780551443
731.666632469703
-39.652516724889324
-959.0308531408579
-626.611290113398
905.8483894638015
511.3353784478891
-455.98812911912717
655.2898391429575
127.00981932407888
1253.5422939754985
473.7398787424637
121.60701423387331
655.2898391429575
-386.9567124236859
20.169972592800605
533.6835213708335
-33.71173227677377
56.73843189790853
2235.104231744974
655.2898391429575
779.5550436243054
-32.08700618772923
28.066475994306415
168.8969305218593
-227.8931357583907
1209.2076610127174
613.6138397539046
-210.04602265382482
-224.56577992961707
77.47051527435929
297.18369481810333
-480.34359315789163
390.08858176996466
3415.468091903654
-147.02518318442083
655.2898391429575
82.00052144217113
711.9506097985511
1950.8148078122558
218.08871156558075
910.7191666956044
2121.6940438725696
201.25575658894604
195.86363478964256
994.5762491274392
-421.92469595067735
-169.36774371368745
1027.436362395811
408.79197536565675
-562.2106234105973
184.06954268120955
2000.6775070315493
-443.06172188145877
2426.199036574183
-78.24337950623499
729.1105875807237
452.81545494898313
124.22739857630893
1177.2319078301884
-410.01025970995363
655.2898391429575
3388.7488391240486
655.2898391429575
108.2772464644446
1688.8885002722072
230.71271684415456
313.01178457874136
-494.2119448635957
655.2898391429575
737.0745541723669
-716.7977836103311
-281.2099615692679
-0.1164303640809976
155.0687045759197
-392.1549968202181
-736.104676536068
-146.8027097593755
151.95254588766534
2427.092971189054
-59.72425007400477
38.842612759962776
1890.0531554549461
1317.3505662683801
1968.666729914903
250.46033440908593
3127.404475684379
3225.3014512610325
893.108318446104
31.689719053031126
430.40944746942466
458.49709589506176
91.21895344993561
-354.7104273570267
493.438247799999
4867.57241767248
3417.0851384115354
823.1492232626105
-192.92302842223796
251.90121562698755
-646.1559145723517
507.56903072357505
614.40198727037
1920.9960279310994
645.4604327063975
353.1290581113822
734.6636729916899
431.58982880832514
1114.7851019689138
233.3757091522465
645.6427341369624
154.32116545504152
476.44225141500635
-162.20497571238798
1135.0180511909498
1314.905396837747
68.60982795237214
1235.4063833507537
-436.8427899289351
-199.1659519281908
182.40598188057447
314.20424919898255
-604.4150109078467
970.7665305348891
487.5285423538204
1017.2596003592436
2413.928289437365
651.292612337183
-768.9585853000027
1662.6731363665517
458.82384222613507
324.853216489828
-11.322415743921283
827.7468687952007
655.2898391429575
4549.3338305891775
-67.0328726524641
827.1399598873164
1197.3736458678568
549.2959383018426
370.54925827226026
1236.972666694479
-1124.2196029902134
191.3527998147382
-177.91278076075275
-144.53540106137825
2008.1990130119266
-215.25283829312332
405.5050119833858
-172.4655720972945
-127.90597820519258
734.4021246662762
447.39102364249277
-214.09525463457237
2105.3308929970517
-333.4043266110632
599.8588005468627
655.2898391429575
212.7515863677976
-47.83030047411046
728.754107586645
128.51754613108483
65.82457884801511
606.2008291677689
2112.674962445904
1063.1807211467633
-1060.8589372783022
-693.2947237332904
347.86401516409956
1604.222487065018
778.3262733216833
3350.0201041821474
283.9322171884355
-207.3668998694328
1335.4461406944715
349.84081697702237
779.5550436243054
378.6274921162888
633.8673881398406
649.2240713382909
1852.9932769970274
470.95056945328423
4545.776327153412
577.237922142511
-4.1084009740653755
729.1105875807237
1390.7822236001034
-427.30468632385066
415.3225709623359
154.32116545504152
551.5240358668018
655.2898391429575
1703.4469823481686
286.6096608606836
-304.47833273741674
231.4689230962776
169.53873279397777
1224.211561317829
12.828943766177645
3350.0201041821474
391.17127413733925
701.8956241987003
227.49609897206187
-30.021817044840873
-157.5185171499014
257.51414611200255
846.748165953275
479.4135831922474
-78.30368387778469
823.1492232626105
714.6595206629224
285.73746742741014
762.1628739390165
378.3547323418589
-497.7088658411534
-441.718874452367
655.2898391429575
2906.0147496505438
689.045077913841
655.2898391429575
-578.7098158681109
2861.772592836259
598.5611304764418
1047.413722276236
1804.5731282421211
1435.6053511178513
-205.9372823138243
-173.38922520342783
-367.71984908833304
783.8195176063318
-118.20594331169684
1402.3305817085834
1084.3504356053859
1370.2187493423316
655.2898391429575
566.7941965894978
-112.07664793635183
655.2898391429575
-391.0007178564812
655.2898391429575
-1117.20379168803
655.2898391429575
388.18316116042433
-340.16500966950093
1200.1228956813088
-804.4309510695422
871.1888414919763
2039.8303869103938
1038.7831145278851
-216.80554702035772
5416.137010662285
231.65455295301405
1632.106400436936
-41.19088965578783
-489.8815341632784
-210.59521782144827
-81.35279974138587
344.7347156677622
1155.097870039475
45.13325924992432
19.12539611583361
1819.9717544358623
639.5344660072294
2330.588217797292
59.61722862580302
-48.05869574467749
222.13588677849123
925.4890686212339
-126.9226303534399
680.0312924174909
-145.92608039807726
-466.6842127345036
554.1558649643359
49.5267323859058
1458.9311678517693
-288.3460890892203
-549.7253194496592
50.622354846147914
655.2898391429575
3023.2818670284923
-129.52326472848006
261.7171419370337
9.681825951162637
1231.0890694212674
1337.4336358634455
-192.26974085285497
1144.314067867315
283.9322171884355
909.1831734945813
-642.0768651385432
655.2898391429575
493.12767956269397
-89.252598285374
-149.2627166210848
1656.7599110673914
567.5769150330532
1556.8568680353803
159.76826056199667
-584.4902198211893
355.76193298630255
269.3453520883071
348.8431892057395
-449.2239296962124
126.85344744810811
655.2898391429575
238.23361287894238
-1405.0284864225396
-9.069112743687356
990.1680162735959
455.89484801830673
970.766079061439
1859.2724342258703
1000.1581696416588
692.3531544242693
730.3160920783221
1639.8880171559804
2936.192341394731
-204.39504813757492
2050.331290765526
655.2898391429575
698.0074185220261
779.5550436243054
486.8346759722067
3440.3789614551793
798.912780619887
2307.4593225697613
-109.92146891408959
938.3080690789608
-106.79040286459838
1058.9727584539082
8.790098059429852
513.5960973155994
833.7648232557403
3666.7701491776293
-842.8745283130896
481.3079131709582
-334.70054454562694
962.1195068674556
-274.4037804580646
301.70260048267437
-77.1530602087671
2057.792173520033
-341.3937636217877
5.874096300922361
2426.199036574183
-395.74125948804897
831.6556990839047
216.06520110724313
661.25744969058
-153.4048108355505
-435.1972167767086
308.3480950247135
-145.4631718869175
2856.405172608232
921.1741387289553
716.2980546312682
686.3028018532921
903.6334710578465
-841.3855047032047
-380.6238326696679
-304.4952897965401
149.93778610820527
172.46723668174997
-33.97201342409676
709.4849079378407
654.3310820763809
961.3690566265179
961.3690566265179
1429.897135870568
-610.6693156945877
985.9139654219857
991.0982308912002
-821.5204297941237
643.5444774068383
734.183146279012
308.95128005410044
833.1490739890918
132.99330416731937
-57.403259803985634
533.5198471123242
157.85107503166688
862.6131523820493
-36.32832078453248
533.8020441107915
-216.89609720440035
-602.878033687717
246.29906032687109
1001.2109009945598
179.3653246937838
-168.6274729213876
1198.072811103732
655.2898391429575
535.2256475799948
-906.9337750144792
404.2492906009429
-529.048909211781
333.49963828087226
419.8528592878324
387.3004481723923
540.6477066706229
1617.2708288104843
1147.1583580514705
-455.75139795172356
266.7337719487681
915.0077973274058
1182.6451405523812
655.2898391429575
-409.36738780422513
550.5320857043524
862.9047416922872
-27.98700391367686
615.8708569673656
-0.43651404192678456
-522.8962977928396
781.2379361315352
26.93846685347455
-23.71431781242177
-162.5200606566758
86.14605495034618
2846.291635052305
2243.964444923434
1010.2582820886556
2703.6183181132988
720.8238461747816
1370.2187493423316
360.5148405395788
-212.3315735500761
403.9966437620121
1476.0320260830822
-66.8469697806853
-146.86035353922375
319.6653993259977
5339.268738151306
-473.76871512073365
655.2898391429575
-40.42714171474677
-8.772757810317898
737.9155519168645
920.0020202490789
254.6312180688425
123.27755776799961
203.12454346948311
1674.7387580235236
260.5250638826053
1612.9990590808434
207.88642577143946
-351.04220926565847
-277.94309763240346
1953.5180079541715
66.55066812168525
1289.5009595508755
619.1285280271394
540.7618573307386
655.2898391429575
3106.461775074635
1321.854903940901
794.6670330386188
2786.044980389286
649.8387653170437
-226.2679567086558
2275.847124326417
-136.092235273631
905.789683493432
-566.7751711224197
1965.7410120985114
-111.00549146521575
265.5009238581656
672.1317268374255
4161.792789437327
42.93165541030112
538.597900247998
740.2111260846112
4936.358269742272
-946.3940664870228
335.8087188977088
1310.6323538469787
1308.5804647202579
-538.4553663353523
1100.7708926507034
811.1914196081331
1169.427737897734
904.3613255493277
663.2661294024352
320.19708083124624
344.9971536240838
-974.972221279974
154.32266657676035
963.4569724581137
-392.6615423356178
1920.3559664805157
508.694034654178
11149.494036616712
-902.060508493668
396.4650157929553
-312.6399582305712
29.209508414512356
248.6161609125454
143.02770873310646
-73.46454412173568
1623.4818118751846
1426.618587119487
1282.5928564357264
617.1394982553311
-214.06587745875777
259.32500574334597
-727.395774780949
1112.0807582968098
-411.72626468171313
660.6435223878995
2372.0304365543984
514.5222396980922
-861.9186624564392
-746.0156723730953
367.6067558042645
393.87880390422936
16245.230508290793
-381.5130522784765
321.34256117328266
763.1083024701975
369.65571581110123
759.3412531220663
1595.3409946317975
672.1746814453763
166.62495777437084
655.2898391429575
109.98054937803727
337.93847331675545
1065.0599848363654
-115.66256599515634
1242.2848606708392
-133.68997259924538
683.800682894892
325.98177006074326
-540.0668775524749
-720.5000810689731
-205.68088050561403
473.3410449499837
496.2381170660411
-347.68973083408184
-426.07655891828733
-523.2044850905487
318.63420233921164
-199.43336187406476
-608.2894080791058
-250.1014693917199
-178.01716093659036
951.6708877394655
-109.28267611112722
691.6620867632358
271.15162017083196
368.1797559308872
50.81380811071506
-60.182423041896755
-565.0006905950105
3884.8337975256686
600.4231010714302
259.104581088353
238.9172440827178
211.13366310379638
-382.03678748472714
926.1956702252996
-523.7631618182614
-203.04328350175035
168.96795478307104
-79.33266584759781
24.897166676484176
-1368.9734799122602
454.4154867079975
1327.6270630654894
190.529843809704
452.98283501828627
1234.7598359116414
-63.225479046441706
1015.1922603890059
238.92288908890765
365.9780495961312
244.1664389637387
-1.6446180096775151
473.5817736344071
250.02335752084053
4694.223507679293
672.1746814453763
533.0216110686476
497.82708204773974
305.5922919338591
729.1105875807237
1525.4464477119582
-171.40073598213348
779.9944104198734
514.5222396980922
508.7033023618219
321.38174001770307
640.871659485997
1986.570003030546
798.1881860283967
1521.9942750578675
-445.89753585122946
135.51830986280186
779.5550436243054
655.2898391429575
201.111698110512
405.57114093101757
1172.941563168025
671.5236573752217
-715.6106377178238
77.32633660057343
440.3290781205001
258.07775048201535
1180.2091900379328
655.2898391429575
-2.6348575803727954
655.2898391429575
-912.2824048111289
18.466828869725532
-299.0282524952718
575.5190028050779
281.6572548150614
244.57411216339761
-294.03046823211366
-323.4034845666914
3845.7698553357895
61.60082090313017
2433.8361836208037
391.5265850336805
322.81491517297616
-352.39543355948433
383.9456363333085
-220.79716907759473
602.6630591345868
326.3887516201804
13.683574703348313
731.666632469703
2063.3370764373026
1872.9380144421775
-376.7237664882556
45.996604260281515
277.53333262453015
95.63830599465757
-109.63578448278952
1718.8334086606837
1091.4856048503452
1402.4037084534702
809.1906892393719
870.4316231675804
-297.8747162958558
694.9474692109852
525.6692306179681
1043.52907058785
-581.0810358099844
854.4896301605484
207.56994994536808
8.330984721838718
192.88673546920916
655.2898391429575
368.07185137467724
1243.6125559851039
156.37428135024902
219.93694419629958
1247.784931053127
469.5986841394679
485.57230168166046
-445.62349441670324
3150.5844216521673
888.6171983011332
-438.6417929119035
1613.7019564510138
-57.18787790379906
266.808324938212
-237.5599186155572
-85.33228081966456
1264.0749857207538
-2423.195843650541
297.45660153599164
269.02981587809325
494.6149229715354
970.7049618105734
-314.1831340909267
-269.63072175078935
922.9544153095686
1223.6646735651095
779.5550436243054
-216.10466754707534
55.8681043772292
1309.2526978176234
997.8400816717544
2501.091498853493
172.1343515864438
334.62114557919807
-937.7894152631751
2547.3041262738147
5383.490542626961
1061.0714486040135
-304.5751391373293
655.2898391429575
333.9361863484214
208.08186574343796
259.32500574334597
226.5073698845593
35.707042243595765
-421.842803142771
853.1006036063953
3860.1129793733335
813.3519010027526
-308.89661840656356
524.5285446666551
683.5835165132594
-1076.6184567858986
-326.2512480066781
553.2848719692652
179.79309746896303
909.1831734945813
679.4677315699256
519.0800741200527
67.80439659196941
1031.750966346857
1229.9103814057303
-97.36895062037036
669.6485707189514
-425.77287164978145
-38.12382493947882
292.90515863757696
-587.0373971037667
462.1981539600059
-152.54724285002953
218.4675924749032
2442.5595963747173
887.9320955618758
959.9954251623398
493.12767956269397
655.2898391429575
-371.45090071239963
-905.9478284695948
-820.3788439254866
781.4902842644183
2966.3325109656394
143.85029507898327
1591.516567902207
-184.62993257124197
209.4254247204575
448.87644864917195
52.529874335827685
-30.533336625089646
1126.380651428772
655.2898391429575
4319.718526226624
874.2785073282532
5062.747880065911
458.770447222631
729.1105875807237
108.10987985935446
83.7408132990131
3010.6864143453718
132.34612054882757
-457.31973149979115
224.6914912014558
392.61149998210846
-299.1837710322292
106.73323421487862
1065.3650880198215
173.90974862872582
-35.487045129302146
961.0646414896565
426.7435093306062
1016.472493889242
423.4774818727017
836.523437918572
1035.75673726774
377.1531589697537
37.3510082867964
1223.6214319753412
587.8670022424963
160.6282279146161
1647.5349601810801
732.3346743736944
671.5236573752217
1012.8532399995433
548.7625134548214
964.2051099608011
407.2585309398982
2710.912277772207
674.168144073472
368.2755788667183
2310.873784608783
1398.314857290361
257.9935103732081
-8.888102400878324
140.67629106813922
-189.30180264764851
1545.964526727752
-107.20941502570884
580.690014936107
1260.8859433765142
624.9323466960875
-882.4163780551443
-83.16595842528784
-175.91913551880918
490.56846473349617
-99.63282267780335
779.5550436243054
1076.30599136612
-571.6772785425134
-776.571135792453
357.2217815681835
36.96742720100099
1309.0100877139978
2012.6021795169304
-654.3523769938666
1940.0484281015265
258.1249695105321
355.76193298630255
2088.6135557046678
1332.4942446150862
135.6215192468934
-281.2099615692679
655.2898391429575
1490.4909881229678
973.5145739436955
1529.130999439206
655.2898391429575
99.36415314051476
721.300027830308
693.099539265
-42.87263990344286
814.102650787187
-1049.3950082593951
402.69452485297654
192.67790358136295
259.7131940384446
1969.8959842971435
685.4153063280789
-524.3951951912626
1168.0313361515405
-188.57076242445044
6599.631477758507
-721.3269270766574
2783.5879462228163
2372.0527599143043
1831.7868626090903
-12.230793259991628
529.5345414571058
-49.01384596922128
-1247.800405371494
9548.1356281158
-149.85999954124725
2034.5276021446552
-466.4258441217431
655.2898391429575
-63.94652208255047
1135.500992416571
337.71890701034226
1462.5174244994546
508.4161804188609
-285.3181518359063
2402.693455509242
587.5704407142227
1034.2635874299872
79.64638019232086
-231.03231899827392
1705.4894281388379
297.7546306350096
2782.0721635905165
807.7745296222843
-265.02531019633466
225.5436889862301
-645.5026157263516
618.7095019462097
476.8441493994235
561.1424299745541
742.5492407875005
1757.714910162421
258.9635644216937
24.033542865687878
128.2470756194649
154.32116545504152
-610.6982572632938
960.7067726936971
655.2898391429575
2353.683244972363
-16.84015979170408
-214.10459787410707
-422.33977997797695
1382.6618059391094
1040.989155150192
477.9892692944786
797.3068599472007
458.6282893511085
780.0221214567028
323.8701583914037
451.5095979056713
463.39191197946207
244.2982076480365
719.0836911497653
673.111357344094
-512.9429579816675
655.2898391429575
295.5639981014731
-260.01791507742405
5491.681162312081
-300.1743526369447
-14.233945542759216
649.2547218831296
578.3588456960425
405.18402232619496
2211.373694100842
213.48297104688487
-1273.3619249121243
1218.2453634041517
-1790.7292913975994
779.5550436243054
779.5550436243054
-12.230793259991628
137.14722874592758
137.14722874592758
1333.1201253499971
1356.2788407645348
202.77702614705294
-237.42745293418693
-533.0832936176388
-268.26295929912146
-475.4098061957087
1044.620091722542
476.8441493994235
235.51888832173188
290.862367416944
-406.8191353638682
2480.3892022849996
323.6371324694859
-78.83908944386542
219.46981008371245
-572.8494086295751
151.8011333047864
169.6888064379001
655.2898391429575
948.1609819620083
387.133323237701
-752.3250983968161
763.7609993152521
-129.9228671029831
-276.5959552599053
690.1772786930621
65.35979270582641
2401.551723224583
1732.1636800008996
-251.00282979730866
471.7238805065377
-314.58816493907375
1811.9844149483065
635.4420949582125
997.8187435316911
361.2206626468243
702.3640309088261
134.68501346679977
1187.7789904822368
-66.04779293048125
2329.3852853250155
693.4855915173048
-207.37096017029978
-587.1187451708414
1725.9347244472751
454.9187988777611
815.3235093089675
632.2022475200682
1177.5559989302164
166.0464695361921
831.7797475054185
459.76174803448157
3304.7978034734683
655.2898391429575
-283.88824478977017
336.429586729682
476.8441493994235
101.73260866126782
-289.43797332293343
455.87623933595484
-426.0812599507591
-199.03444350414645
4645.157908390552
-360.3670147406649
29.569588492091157
1585.7727366227273
-547.4027407166099
-861.4342379549697
968.7427283920533
977.4464171393515
908.3505516981719
-820.6931941047229
904.9172284351108
1370.2187493423316
655.2898391429575
160.65075741167982
4910.229289375948
260.157055788157
3807.6978553686004
-97.7136632778255
-237.15303687290782
-137.55210059645538
593.307367336755
675.147459921805
1670.5680734586654
799.7308632814182
-249.06648142965435
-984.3367875227246
4778.207491313047
681.0062661634136
929.9580422101411
4283.498055065444
631.9074468931145
-621.2780308783514
351.9869629859964
338.89245256947584
39.58674311541586
359.7814966115403
282.55386757075826
871.0232605437643
-385.6424032210058
118.49137252053458
240.1756239616036
89.50401305538128
-1058.9496423685373
-549.6869965503807
-514.6604440118291
239.27398041226274
767.9573987283746
1903.9291004854927
321.4936028104338
48.80857295885687
916.2082209806382
185.98595172942447
-206.723045567025
349.8820981716989
-100.2660598643705
1476.0320260830822
2646.7980381184575
-288.23801421944074
655.2898391429575
588.8657117617604
1573.9886066747185
534.124754304328
-7.532554574241999
-605.6522592449354
502.0362056366189
-373.4053688878597
5220.698807661849
121.91174298770181
-44.703922367704195
379.9918164455335
222.5311920443329
-12.230793259991628
-897.7571945058361
546.0976810017373
2.885117526077238
-128.76562920290723
223.42279301352949
655.2898391429575
-572.0575758890367
964.7006092155582
655.2898391429575
751.0383562064272
597.2495433030285
1976.497863870292
905.6148498994688
114.88191154844151
-7.6723033452789196
2648.4337927686697
611.105133511912
193.10222028893588
1650.8487683293051
289.4693524805639
655.2898391429575
182.13740152780588
79.84916246772491
-450.80971254155577
333.7466398683565
10116.67198472011
9294.05087731243
347.30279507711106
5756.100573835863
1129.7554715603796
1918.6755060827845
1500.5768110235258
2899.3768767132756
233.51447790560871
494.7074652662941
450.17987397585574
2012.8212909470853
1756.833777515711
-35.376784636786965
-611.5725451881959
-898.4118989487109
-47.58589023588058
1348.9751966884396
926.9736002938854
800.0888674061612
-1351.7810163340014
-769.607114698856
421.0992155763599
271.02743783486363
1293.0385406764472
3667.024123518908
121.7204437603242
-1428.657585088672
169.916650267725
-590.1535924166016
410.10725380742554
1543.283639973003
2144.5075237130727
1202.3492753152582
-52.971577172484444
220.89367751456354
655.2898391429575
1193.9975961530893
-90.40146809232908
6426.317059311541
-59.910341457071695
-59.910341457071695
57.430749181454644
23.523742664399947
422.3352162944192
655.2898391429575
351.5036634935073
31.005414779679427
-176.85352185158376
-75.33123375321645
655.2898391429575
254.8558236959126
6615.117489182756
-174.08832633388022
1084.5458380095915
1779.1444536332615
203.25015946333065
-579.8118818233908
337.8621711876015
415.45552648332716
-21.622871540619258
655.2898391429575
2509.312930483708
-144.6586258400148
40.84438470442876
-187.12404908992107
456.67809180050426
54.81116056960116
1250.1175708816786
753.1356280830049
236.41595089774898
-124.89853235257317
1933.8479696675463
-264.8343955941875
83.4444099143177
2251.3973334913735
591.7430516567839
148.74136818060407
-89.53938943263631
5542.033580825235
741.0260533377631
67.5764403515301
-322.16668671616765
296.6056476515374
-75.19746648148487
554.8245597361253
618.7963668114386
-145.11650156981239
-218.20657922217367
551.1375251737918
10.986455375056835
655.2898391429575
-245.22351160355322
118.9022331413089
1162.945523359226
-68.13301694440565
-222.5474270511179
-173.4284866194705
239.57313081907716
-86.85023966865344
2727.79678912833
1357.353951870112
-19.072394423355604
449.14963032647074
800.0583234428723
1806.16003010953
-794.3573932153621
2296.277597589976
498.6782587818825
-141.63859335530628
1119.5570499483783
209.23831793448988
4859.285982375719
-17.49998532133418
7.152250750675989
-250.50515385637505
89.70750805364207
2362.785084892209
311.3435276491915
247.1839548778446
18.79676830579922
396.8364719231655
222.89391367912634
655.2898391429575
3415.088438970967
-401.1392810496069
1815.87563163602
655.2898391429575
-447.6533986737485
-282.40905743747055
-1009.0035201418865
-547.1180183715704
473.6670694918513
84.08272523981782
230.77658743559948
655.2898391429575
636.3584320207846
561.0880919072569
731.666632469703
1206.5369004954243
53.58260598179504
1287.145805940357
-375.1014521519925
1729.9452839290761
1260.1003080002288
-576.646488347218
1189.0075636280526
1674.7558868760143
1596.3334647442948
609.3944218075542
275.631933672886
-469.62355397779595
56.7101277514156
-649.650348980606
360.3310363250238
1103.0388222057852
936.5758258418323
-56.27937229911811
474.0130393438843
75.28775604058512
508.694034654178
1511.9008402150298
1052.4140893418935
2614.4813063970446
292.01591724459075
-239.0759612833
2535.301298501494
1448.749406053174
192.4400367305874
753.6447702776454
-715.6613464396243
318.2838148122685
578.2014221015448
818.8798780618783
128.20378315430764
2301.935440994067
889.6817658125376
120.28327445179559
3767.788712464149
655.2898391429575
666.0570078229314
168.8147501926174
-233.2748434456363
2900.285113160719
-213.6652738727654
150.41291277729727
-880.3908688798386
-1021.7286864356046
-87.8190110433278
423.4774818727017
-763.2401241797276
655.2898391429575
458.770447222631
271.62088406445264
2358.343808849746
730.1646483024145
-99.65229849126763
4026.2188199123434
106.42767834267033
-169.24990417880747
951.729597339705
-152.52571220000766
537.5073577250789
1032.309912697715
323.5791776184143
199.0137218952401
403.2597425842962
1444.1547873678514
-159.23012954617036
1203.7535828241107
-173.89750903431752
605.6553181784036
118.43671367180752
999.2864854801055
1632.0673207447717
655.2898391429575
-366.28623350947794
1254.875481919375
502.95114776249665
266.2463789596703
175.5233918963736
148.42059706149587
-143.123219237537
655.2898391429575
312.5383101287073
9326.224472373753
173.03471766640104
294.2344662684824
117.47544710170303
-187.32137135644848
-1637.1824613848544
-422.35303425539985
220.59349863382806
-557.6194716086667
-531.1133580342972
3380.6739752455346
613.1922988436611
2418.2377528355532
673.7926367187841
78.32086392978613
349.6136032210454
-556.3446647549064
874.2194040626919
35.86475809925844
1329.6103841112372
710.3727930608181
1593.1555208338805
4338.038070456702
-136.6057120397137
22.953377026021712
-432.2837512395296
635.4510245463638
-279.57709485208795
-736.9382748430413
168.8147501926174
3059.4699692994623
1013.1034596379475
3906.426889389932
290.0225721144657
655.2898391429575
-57.8473934091171
1317.1564804703025
1607.6759539924424
-505.05375786170623
809.9166807948355
60.90821734702081
-591.4348836227961
322.92231846274797
2284.4816995422075
-330.35101707188255
1903.7742332891935
2653.3633850141996
756.7448195036694
1014.3323608085198
-516.526121813726
233.8664406249797
3139.694931012628
-1180.7024307819497
1582.00203523468
-504.62005868991776
3101.3010700408076
2502.8627770975286
2813.319849966982
655.2898391429575
-398.65228251818155
-346.05540899835603
-447.727170362553
-436.1874253565062
986.8217256448916
779.5550436243054
131.6024510429536
1920.8606037187005
672.1746814453763
-179.38406087944736
-384.0591330772851
719.9171250333189
639.937993410441
2201.9854025697205
1031.7982158639823
-518.9472806499786
1438.5701720172128
483.4949542693016
795.8160573087519
970.8237030566728
184.5446736745489
-404.61083704085
-422.8613167940076
-603.9580371074513
2460.4792930834637
539.2781657124208
766.7008162454852
655.2898391429575
289.5856564347499
7020.968386803113
655.2898391429575
645.4760956770001
148.7364624419626
605.3108534386987
-592.9793926883073
-156.13038004399527
655.2898391429575
655.2898391429575
521.3317484432423
1243.0187061936706
173.3438986859436
609.3944218075542
-146.26580954227427
-38.36908088834332
99.69863903670682
447.07424018356403
452.4783637123388
21.91067012335361
959.7178813068957
958.6005466813746
-188.23708341045835
-111.02656202585513
-374.68288022214267
-526.5675180826546
655.2898391429575
793.2662726307872
1158.8882834778965
-196.4328817515186
1013.533771920041
-624.2962964907355
-903.79070963842
4531.3434304714865
1024.151258381296
-69.6392850337096
-270.92326578207974
208.5839703595355
1142.6993509043916
1188.1358450121145
1621.1769530707015
143.38903249100184
289.1284381945412
396.0238003709446
-632.9940875251119
432.4478013571242
883.6938603505555
3150.0477499932263
1268.001892181143
-623.5215576788434
-131.15889614514947
625.5954568395464
1214.2031240600645
474.0130393438843
29.153170107292112
3590.539552994694
-858.1084709126898
-174.63653216334194
-124.19732963335639
969.401580922341
-219.76826660068502
1392.0724802790905
-43.29983675777157
3541.559134859596
-13.204629473763703
226.36679174657968
69.39406981490856
-68.81581074347832
-285.62988581959917
-176.25984090270026
655.2898391429575
135.2616431744566
1180.053210611254
287.80777004031313
303.1894936732718
3890.079974329641
1036.249974758999
504.7217382403687
408.81600790590807
430.1209347720312
2099.943188149632
414.6515878232134
1286.4358808478426
335.3587685656265
-69.14150768046682
543.195211475963
1081.8866929688174
659.5042287426435
551.8642676753389
558.9828135232905
1838.7843635341965
-26.40572534550654
112.75828018896732
582.1906215448257
-526.496780532124
1708.2308451258605
314.7579355858313
-162.37944574756546
275.1076340543746
355.76193298630255
1049.603160934744
1482.589927095643
1525.4253050555308
-56.00569008971718
524.1363957438039
474.0130393438843
-310.9077582626521
2973.1380396390146
1231.812374545932
1171.1351005145698
2384.1512940430607
-703.2910331483571
292.60084260874856
1097.597206545558
3690.428587850537
524.2863771700305
1939.1976047071712
-301.04562863321246
1485.4326892777754
47.10966576494559
30.471089918878192
-188.92308532769937
225.46096258869045
162.8653460262346
655.2898391429575
107.78970616825882
-632.2933556570971
494.28497753967207
228.43987064789582
-481.20838337121916
680.8230762134045
-148.3533868713513
782.6400659014839
1292.2976350271788
1317.3505662683801
1099.4021459908304
137.06591172235085
235.2696893706792
443.30503501732187
1453.7153752738805
-623.3698974855237
2207.956124167332
-114.82288125933053
776.2719394984265
1202.4163510924673
20.461239888916452
2202.7002528891426
824.0305857504205
345.2180764960383
1152.2338365280036
2401.551723224583
1322.1166568820493
613.1922988436611
-80.63502641799255
-945.4942540319645
655.2898391429575
74.67690676566224
-41.37909962847186
3541.559134859596
351.06184008770066
4004.792085022678
139.85463824984538
8896.922628096547
597.1741818521089
4074.8218001414934
960.8760720934387
339.3368223078271
683.9980999559241
-180.2789214132415
-1217.212111697972
299.1327735417524
655.2898391429575
-164.68171139794754
186.52656197269982
1289.2111599818932
346.8482311498255
-202.75907045060103
797.1418455044953
195.0258419565854
86.10936970176874
-373.26097613636864
264.2108778406123
-79.31838203593986
1717.1455203361738
-536.8746758005972
222.97696305084298
156.38735288488925
-87.80782349470257
-370.5040061378462
-1162.6832147548562
388.7091687544403
0.8629041569769242
2790.0818641812166
381.02725052006963
-497.31249405486835
3080.719868405796
1552.6107927262115
278.80121400238636
118.2334133592118
1024.937568238031
1599.3702251628833
536.6007820517191
676.7166257957524
98.44816024534941
-1063.706974997553
6330.255993550697
-525.3883843361947
3281.805853487875
372.50032647770126
688.1168951282654
-277.81256610456614
1471.4317261145306
221.4797841398007
-397.5857094174538
272.6730572091858
-371.7501324468984
-458.84511748752095
173.50646716796467
1272.8863143842427
1092.0462855639964
-142.09905544850687
-689.9845039695966
2278.006274969366
-206.61046280647645
-443.8141782256372
1605.7498355512337
-285.0329609590965
2450.008381466142
655.2898391429575
564.1847682486848
1246.539364754276
3.126210569425325
694.9474692109852
1787.441119986388
602.9543306138798
-684.9491780422505
764.8295586510766
1522.9464612173301
-254.3464102900772
1123.6786251467083
739.381953842209
5808.141967012756
1025.5613738281875
1291.881118607957
91.58022986343974
27.866267275614177
603.4171271571895
597.4178191198757
916.2300868960663
-15.27174770491581
-233.75171842906195
1621.51726364748
182.79568820305747
1022.2525126490249
-403.45159155687304
351.33128808594813
493.7334801893926
744.7285436209916
2353.683244972363
30.91115818981973
493.2838018188411
81.56733722934177
5628.3610116219015
246.339959839867
-91.14428156752263
290.87002621667875
374.51324994894094
-451.28084742330714
135.49131078390712
-190.37739524035317
62.612737626479316
628.2773634115215
160.47521099618507
998.7262367108053
811.5219397270232
566.7082681476226
535.0148415506828
1363.557698026481
2172.1457105636186
-954.6749909660185
42.718006526453905
701.6812152924884
350.9568660321559
350.9568660321559
1712.673256474709
701.7105429600003
221.73020525238775
221.73020525238775
1025.8711901104846
270.19346498842924
688.1168951282654
-259.670297579778
358.57672988969904
1458.2674221883922
736.003378297408
683.5835165132594
-40.347765675636765
264.2108778406123
779.3966333293083
2555.1468750865233
1763.921601868948
343.0011707743927
-270.4737929613301
1235.4063833507537
-1561.2412294245846
-299.31094606556974
519.272079372779
1242.8277846532287
766.4002718450974
1318.854881538266
1560.0579889368664
-938.8295273297416
-149.21523031457832
-850.634257148122
918.3197433347427
1503.0304284274628
-313.02471017513824
1350.7679576487628
578.2014221015448
425.73060778194633
-218.69621546174506
-287.36787149881684
2140.141194660691
1370.2187493423316
281.9741620573229
0.8249957328284836
760.7828865168136
-99.70460963489529
6.792174937020832
687.8855050170397
201.20074791424855
2308.4598148986474
-799.0101709769477
925.8984355853169
823.1492232626105
1743.6147720650738
3891.644503175046
367.51732451003255
-207.2421682846251
504.6443684670278
317.83142070539674
866.0785805539533
-787.552464323253
566.1801628562746
912.0912132032532
-273.65895930194336
585.8304203115977
-449.3761929600138
-276.78525440095814
598.5589848452983
628.6590236481622
37.13713862752945
-124.19732963335639
103.63878240670749
1716.4458697211435
109.98371128628094
-520.5194998788942
1119.756476333039
2685.0706334517004
-115.91977235759578
32.58427228543633
-9.468393943843239
823.1492232626105
49.19220836522061
884.3545025344156
-180.8734159927352
-314.5030793315582
-77.01749655227547
356.41118489695543
2636.6335459644224
-599.0033947565784
1278.7068407835677
806.5802513281601
490.5036816538611
1080.4052880861836
934.9844854436587
2059.6597879493074
-873.398344036185
-201.5952804950091
1485.3497311282217
-48.49160866773843
3994.1129257710077
752.4557419204912
655.2898391429575
-678.1426702330131
187.17835179829257
-126.15131524513833
182.87741026668266
1133.2780404026596
1052.1307467049292
-125.90718452561111
311.3435276491915
3858.634123043024
1156.621665698195
1911.8210820543804
-24.692984226628596
1256.0783159845028
852.5803412544958
228.9562824520229
1080.4951177172043
184.6154108763091
348.58019386450513
421.74559378426136
381.3359495005727
1335.4461406944715
144.35466926525447
954.5433181742928
4549.861041662438
930.1921616643227
1723.9904973985563
-107.29439072919843
283.9322171884355
283.9322171884355
358.31219555948076
1596.2160656950027
-44.870149973181924
671.5236573752217
668.984811632948
-401.7610265151367
577.55564428029
642.1291837352824
479.4135831922474
1022.2375505668815
-294.92990846183966
401.41535835958973
1613.3636848427564
-768.8535339836313
-27.826125695813175
1165.676148627841
99.41737813015163
1504.7333277220923
1219.9492560552621
1549.8510556215317
735.1497322539973
461.54968205840044
3223.3881784516557
148.72643485922282
-428.26052688701463
287.80777004031313
408.674833333665
1348.2376347000195
243.28468688994457
987.5787369355456
-973.928726329203
-718.6836873981307
178.64479147936845
372.99459673175073
636.2154430317325
5559.356471919373
101.98770200901674
-332.8576195376121
768.8456256138948
76.37978732873603
578.1390276988818
1010.4381164333354
765.8986320345564
445.4384239390249
351.71692488852017
-82.63973394902462
719.0822010078987
-171.09931784786704
421.96415300750454
-1166.62806403569
510.8480624648786
672.1746814453763
-115.24949920743086
-359.13346049691404
876.2234645807002
1841.1631364670152
608.0295908680604
935.8564479552234
734.6751310463748
231.09847482373846
954.533693849276
590.0294297318486
678.5540295917801
6524.5118918931
2003.2180258487183
-1216.5553199430597
557.6998941092241
-665.476816957783
2401.0895828411717
-794.4718754810782
-67.55779432798874
-413.6323453586007
-1021.7418479887825
655.2898391429575
463.720329321604
248.81764645693136
-93.3752350731146
283.9322171884355
713.2272592059629
168.55558682342098
677.119137585518
-506.388936160516
458.3654800271977
70.66635511720608
634.8578574848898
422.4708407239418
719.6389238984681
3261.3375980486044
397.5999847090976
1646.09450177481
529.7360473982517
1012.4549315556517
1884.0735682577033
890.3171069480784
438.67523978989846
250.37797977605896
1656.8041322174138
245.08414524684042
2501.003351777473
707.1383401653767
177.62870832674548
2421.5824365419417
-937.3899046380617
3072.3786456345833
867.2431227213835
-757.3779986544943
-215.1021707568176
15908.668342106348
58.13314445856315
1062.5803632481814
-386.8974565379925
-50.65521673507965
383.49491406882385
-45.27249474657583
666.0570078229314
403.93774240639743
971.2529245981461
758.6523700450298
943.1890643892754
779.5550436243054
-251.75733695957194
-144.37191627641232
-15.132320273717028
237.2465588740945
156.4893662245546
656.7645498243701
-248.88368091427822
1485.910933808791
-918.0545122006343
276.5893828077754
797.1418455044953
655.2898391429575
3212.1426549222697
2106.311574516512
676.3333988765357
318.54672809818754
-349.38570298897446
488.21576338159923
-65.24705459433187
655.2898391429575
1594.4036904625286
152.13623738848315
6427.938377611573
-77.5810163399002
-924.3770664688458
-168.43839167151418
1583.4476768699778
-364.98374567482085
3714.374090859456
-403.16304744170304
-596.3622345284517
-410.8997168591012
879.5903458571255
207.22825356129806
982.8045673026528
2386.6722236186324
574.1613351366393
932.2788358303593
54.695791039664186
-106.88794541277161
308.0377359602601
291.2614421040582
-542.2108109545874
-1134.1319406205394
2011.6274111309026
265.2165259198907
5096.84349806341
1175.1511555412485
-17.24687139739933
1120.4686207263646
5445.183133564056
1497.0585800828258
-195.15469732501617
413.38901683918664
140.81583619515357
283.26053522624886
-171.20767934340074
137.22298358093792
5.9099587035328796
887.1681024906954
1465.914275891938
121.04195839963847
281.44732660083616
-68.71214654091477
2363.5952890216413
196.4219238163239
2418.7493036398464
1293.0194339379102
801.7308627542527
356.95734814648097
-669.1889862491981
729.1105875807237
-242.7442901221981
589.5962130125487
114.08085312367132
220.92072825911328
-823.2925041014479
753.133082332986
387.133323237701
-296.8123060817013
1024.095203062864
551.5660845484889
413.2206714527059
2214.9443782410663
160.03094695110678
2585.2388554302465
92.93549974023108
1035.7169554047546
-122.16448988346178
-191.25817573130269
1135.0180511909498
1818.1824583933358
304.33339730340833
859.7778360292514
32.84224879258511
-775.998793235315
-416.8237808532857
740.9539321169282
1230.6509717737465
3099.6532838513017
1106.3855869456306
66.52698119606532
1463.1874520604947
2075.5796135681385
-231.56756145361226
198.8536811334941
437.3399451835785
-235.75826817538325
570.7419707195903
762.1303129868313
3520.1205110952433
455.19094502921257
211.6464870958199
1899.7936459632201
889.264328672065
440.1647955195849
987.5787369355456
-91.17258345703294
132.15385954474016
414.225124479843
958.4542958304281
1522.5807652447943
-405.8336989487028
-63.507750044181535
597.9268685256305
1023.497359214267
697.7188685883967
-441.4273018375608
-48.114815675970476
473.956633080772
290.5642787122142
-748.7864597830816
-317.3257149926329
296.292647149911
-911.1289341090938
414.1177247183457
279.07979994083803
568.6172094137464
781.2576516731041
525.5303662743088
655.2898391429575
152.53810331369021
2401.551723224583
848.5254503282847
736.7405246457455
666.6559843616493
-1347.6394563876747
2693.0695873025293
325.44493148300324
1288.271813386917
-241.15894649025142
986.8217256448916
430.18543508915093
874.6446990312189
-226.08243587180368
3064.445102372144
442.98983006730816
-906.4369262042059
1378.3524438100158
518.7721075413783
-119.41516784247358
655.2898391429575
1205.1246537587945
162.55008837881883
1488.171611128375
-883.5283333826559
970.7049618105734
412.70608329467734
712.8444780595428
-402.4283542628235
300.93212390753143
779.1902963636709
174.6143164946203
66.79371057165793
1478.859069690377
587.9768037826302
725.1041811911048
782.0413701136093
1225.297776599847
2178.363466862814
-640.5453671001447
381.09309180327153
170.74803688640912
120.7312580550664
3027.2868713925686
-470.0424600299292
3165.7625701498673
-324.5205810726418
655.2898391429575
-617.7351604334946
69.47653709399253
499.9368061442026
107.62829314512328
-628.6178051554194
-190.5303543623428
889.8183442289167
2557.6903214571284
-26.40572534550654
655.2898391429575
-67.01870193901857
193.12637165284332
-462.9780774508639
-1.0741200764842915
-824.3633773407925
-374.28761816774534
758.1653336672448
-50.302362958328445
666.2270831796441
90.06678817590364
655.2898391429575
7126.846551171621
131.72350955175455
-175.49095909019275
241.28985063709843
163.44876872347572
-388.41830641523336
2628.8678024361275
1024.5382854586294
-157.69429221222185
383.7317217134815
-510.9452036039826
-418.73543450819545
482.40300269657826
-162.1218109950363
57.175723764697864
411.45429274846913
88.38188337554618
2885.423447815494
1216.532504047832
-740.1955956406647
394.81784363207873
-607.8876050465011
613.1922988436611
-250.72032496392922
-541.6400648893554
2771.2778542425117
484.9156204311202
142.55948080534938
655.2898391429575
-14.359434801329485
489.3351171529218
2244.390395987683
-1139.6888901166471
-1026.574102258919
75.27867602429569
52.4884023062458
474.1549175476364
779.5550436243054
876.4915068354924
655.2898391429575
1928.6805210451603
586.683590009865
3547.919873775973
-646.5057297354889
72.5260673472003
-2.4175533160839677
1115.7919761951837
763.3511947534168
306.65773634568797
851.1687069767526
3605.5935397094986
1152.5440443709879
-1079.6824014297913
296.0638497162987
932.3042123156104
930.733071092368
287.55471802416514
97.27601058158098
-221.90821456988317
43.08766294300233
-80.32850353352319
337.07791312650045
989.8086297503214
-490.91303546929555
1295.2331833088756
1170.5068485472225
938.0990518272075
74.36598942582577
513.7545439936721
398.87191740009393
123.49024960022632
-403.9487918823544
-1682.1750317733236
616.4113462486351
369.52842247668815
267.20411751237526
14.406073783907573
255.06765660995364
1378.1491308927816
168.8147501926174
18.02375746983148
-332.2284238211208
268.97846173585435
711.3237379670982
319.01763294543053
1194.3456097913263
-367.1018116273856
80.50579112610899
865.4310561960193
655.2898391429575
794.003646141374
283.1832567398633
94.22981880016209
494.0160179211932
-607.2793337732327
126.33201975041766
84.10411596369102
1477.924042731865
1373.143014907967
684.0938819823508
-59.20841995360638
-197.32836857184577
922.9544153095686
-222.35830813895154
1231.5909101999605
1211.9325304680253
645.8033870792365
1316.8800560390082
-60.13659143305972
1127.3638625459312
283.1832567398633
2334.892644660212
2065.8752640071625
107.86457227286985
655.2898391429575
2879.9543905627856
1027.785397980983
17.18599079918954
3726.9529761237836
252.42085759402704
1252.4875114518857
455.3970035369961
1896.9587756577039
5122.438372948838
1733.2911143347287
-493.8073546558127
246.5364198427862
-381.703473989582
-179.87712651410482
641.4561733719452
-351.73028787964745
2343.1101950094726
8378.3308764491
-288.23801421944074
427.04745914585686
699.6344906404291
976.3096445616875
1041.7416164818987
226.8921591947589
-238.29120739819393
1264.9872520013146
162.51753966231547
-808.1773741857543
195.805203577145
484.9888533641614
98.25960932752025
938.8451133574076
1336.584596569965
-634.1517328798026
519.5745172469851
-482.85353415951397
-212.08715731050586
864.6299982032268
655.2898391429575
1580.9064858297388
-870.4135345399142
-380.09122543931346
302.5817676587411
302.5817676587411
1986.7822626688912
-40.407316618181426
-203.11218489852456
2988.0553194183944
-63.46153887344485
2372.3792845103817
730.5188376827472
655.2898391429575
797.247488094639
283.1450620685364
566.9934690178472
1146.8578752250364
-467.9996625145203
3.1556632958844375
-31.448394028882603
982.6530297315564
129.02681759442203
-9.718188774597593
30.146464744662126
1040.4722002028113
5.283148555835282
-184.36255899972002
-341.5426401665744
1098.073938949433
1404.5882336389723
266.56847092684086
1242.4732109946603
-823.1893983145975
-363.6149680907914
729.8236961011456
430.4567544414998
-164.12485494498026
1332.4261169692843
328.1128070796564
316.40747594742334
-793.8151444050771
113.23093103664507
1335.8891767933176
484.9888533641614
2029.1549284552011
645.8532016271538
1186.907853314353
-343.1842315697255
-421.8915814187411
355.76193298630255
-476.33514770996214
-429.0455858724091
1177.0668207393387
697.4473226617048
958.805401000657
30.742078037028932
757.7039555366296
1896.3474688022975
2087.5506983278133
-512.1124255326175
774.2353873683168
349.3040876136148
167.07068562170167
740.2111260846112
-163.87314248754376
404.00752789550705
1401.9603684423207
-192.71478956997407
1743.942140390679
-65.67669323593066
136.3466595859511
655.2898391429575
1531.343178411011
-399.40509051016
-213.70675243122048
655.2898391429575
-520.1976845605149
-730.4890304579909
235.29009813270414
185.90833633760872
702.6300967831316
655.2898391429575
2063.107656129746
474.0130393438843
1737.650617418034
1412.6942581491012
363.26916410167894
198.89070356176643
655.2898391429575
527.8786863804482
800.463597269216
817.0516544606554
655.2898391429575
-344.3055051970865
-691.5064162997343
6571.339420379503
-149.67453180975747
655.2898391429575
230.10128209113378
-531.1033908222815
478.07709782689926
286.52066725093243
-134.8424056321303
1023.4865339026679
1646.1452308423025
361.21200529511714
779.5550436243054
53.7449546115397
905.2203734308839
828.7171472858138
1385.8567484991852
1149.0521680632296
779.5550436243054
678.2822349777473
-384.47548061975465
162.3013944151039
-192.3301390908042
-28.35396336688825
460.1243192564335
655.2898391429575
655.2898391429575
-177.47914365616361
388.49896753898383
-127.96964142450713
741.0330084257041
743.8113491531998
-489.42569357357627
1874.0845677820143
1875.6801749150131
719.3055132742929
1620.3640480033328
-265.29413646837884
74.39105766629712
-1230.7953999687415
127.54364396948779
836.5369291447907
655.2898391429575
542.8756411834075
671.5236573752217
983.357561553756
655.2898391429575
