554.4248136232292
2.5195803624382194
-9.45701015460188
-116.31052202820291
156.16740628397906
283.0121405278786
246.1615054042322
-138.1982974388032
-88.4559400966492
-147.32163787284523
-173.94309332070046
-36.34573723636525
125.82136969718769
-86.16511912816686
154.5955799561164
-17.328395863636977
-232.402115279832
341.38802622604476
-204.6917922243691
111.16906797628741
-74.15909981611192
7.915519317102941
130.49307907189058
-62.09165628275432
-187.08022306376412
192.9184196091572
823.3747012780497
95.07723505345588
358.32158866588316
-34.93610293161275
128.88988974466884
-170.8923432893012
184.78100861642528
-3.3551889042628513
64.5221607154458
402.70246841866856
47.07575192093048
35.51959587333636
-69.63733243987112
126.36409713949627
-49.745989845546674
17.58695733981362
-136.86608347625568
-128.47810674456065
-126.90579266311124
111.09544903157342
66.67900052515422
-213.2135278262228
174.1576389151243
-94.96171158719461
-29.48605654595599
-20.81627336334259
349.5533146755265
54.31176507874676
-100.96502905314131
87.70655805414411
117.58968033029024
418.21802692616393
-38.554129753643565
-62.69487999478455
1698.6321176124093
-108.12728267224654
134.9689653428341
-40.100547814181695
114.10192441767715
109.54126554894246
370.65058930060604
-89.16102529011008
209.9264931909871
24.575620150022708
111.98912071672373
-17.01961103242396
-142.8559421363021
-54.91489893975181
256.92890355114946
-75.65987663922502
-220.08784806243168
149.566185347994
78.2514278896443
255.75875729861687
241.41692019130267
220.42334785281957
1.2523979130032785
24.127402586859105
260.3894940367609
214.34936384979557
23.01302183124329
150.95106255935863
369.5953241696942
-100.85513484261821
-46.29456747171903
163.03008827890216
1327.3257018117833
55.45350579187196
152.43421417996439
71.17443204507208
-30.179772368834954
249.01869464868994
104.41938069399667
-197.55129558189734
-33.91873254857475
444.2224720081364
-123.42125905749211
-98.0380796196398
385.21700357029977
-178.161206331201
-40.555980940528485
718.205021746104
-77.35362391453346
65.57309138816014
-202.39982304100465
215.53957771093928
273.20359171227904
-165.78445785922466
-129.58489386075496
-202.2135919528948
-36.08373117282048
280.47429074362424
-78.17413403849774
-2.6075070932993416
53.08124410054967
-99.36394011425776
-75.29475769603202
236.01932342450098
-72.67363840915795
-79.3451751486617
130.52357744623998
84.19379328593529
-54.32912157387694
194.02276558789214
22.585401239054015
144.61387779883978
97.50128233051589
142.45933676480897
151.63923094725183
199.3680240473139
148.5653930485904
109.83798994437512
281.95526574664666
109.62933112420453
191.98582966946626
78.71536055951933
-15.385003423308007
-45.47664356737916
133.15930487110163
-179.66204639919297
287.2164626136007
-234.7236631122981
260.76773150704776
221.25406898108707
209.4644014428899
201.15190231796643
126.72270591728827
-4.399320085861746
233.94625632123942
186.1631855932303
128.44848674568485
-22.727281917520102
379.43837927479694
471.91272575212724
-59.75421933028747
-75.0184201260281
179.208370352099
45.60638541206127
-8.363122701118758
-11.830861479659518
-102.42355479443157
71.17382184790151
220.91695584130085
150.7414756036185
128.60940738508998
40.027119730946126
75.98642886443483
329.8807862960921
45.249326798687676
65.45362764208616
-6.760757751958597
-108.60239929739474
-61.612368663753585
256.5692070173559
-315.1763527017905
-10.466737314929308
25.493231499465537
-134.58609654070682
-150.3804606639949
-130.5094920011843
24.745951197278494
-14.5627344953145
-94.40149853804803
529.3795124369533
-94.09283937846237
90.30680349756065
18.278592775259476
141.0148585523564
42.168747160120596
-142.16349850485287
52.90870941452424
-103.05315274352766
24.916426662694654
211.54794710652575
366.6038387083553
63.23986840566829
79.38035376335557
130.4342018346488
366.0264525914108
70.46762613121695
0.9999989650649059
62.15722667193708
298.10285002709213
-276.4856654971113
-37.41391222104934
148.50213068072935
439.08016859339534
-300.85918201159143
-44.999047992358264
-35.6388685599317
-87.7915831907028
-18.221630743014135
152.99871739860757
327.3824122069291
-36.109759385743374
228.04982876944547
-7.069379745184413
-50.199512818454096
172.2812304261139
-57.411903207820785
34.2811171313821
321.05114368223997
45.75135760132564
-46.481760275875956
-2.6075070932993416
11.364814649065544
-91.9137180004156
114.56763576937725
308.5953669009335
-10.524931282748643
119.88988679931083
-14.591147560659849
-51.985790724396686
-61.383318404984756
107.04791208801569
21.275307458610712
254.14882173407332
136.29373642441558
103.14835020991741
-98.37925409974079
-79.35848853514437
-28.082532282679473
-179.01798838057158
19.747169476205244
-6.006383299118179
439.9327425387728
162.80929385664888
-242.4105767920589
-42.30108235566343
-136.49406056276055
6.402138879930881
23.02629165631565
-213.27293077408595
-80.61783060010355
-249.37141799555476
-40.73429118492057
-7.730333363647695
-22.75625950237948
83.30842589982558
397.0858711623208
434.71769662406666
-172.90114361776884
48.20026162012452
-86.18052346623568
186.13765690616128
433.5006511012092
-154.78755848528724
-142.1131007108672
19.260181607792806
518.8686451689522
266.0073756548312
311.7444691575446
134.3102967171814
290.9417246425726
-41.470650084550776
-107.92058950957541
59.65861867428427
165.51596487558842
178.63799762696243
99.09275312100249
-29.74556231008493
-122.31665442526798
-128.3786802760939
293.7761550821973
-36.24176629426171
-49.22056856627313
326.5046656716686
445.185284814704
161.16431567321087
-185.3541097119273
155.07417351853476
744.9012254500626
-46.481760275875956
69.08725452107973
12.091792076935747
-110.15302289237991
420.58995472639003
-127.2580219192921
-99.45984434698434
-17.95535609153793
188.40582893965566
-63.79922262368963
-92.70156810128603
305.9737258822099
214.71045687071128
-208.97795739418382
117.45239509761531
-106.67290297224585
54.30454561897925
-58.65334540066701
-96.95517402666292
153.12830035414623
21.18278251750797
17.268576979039313
258.12406817684575
-102.65622036448693
139.5726689854082
350.1698740738394
401.20857193029246
1508.503287682656
423.1124732091972
46.60416065498333
800.6359805847152
-58.22125989747782
-167.92879894131534
142.88401731874825
85.99365599506638
142.16919567801833
277.18938701076866
-34.680201478989964
133.50932946164934
-140.26872614382197
462.3718836217233
265.41281730915455
-16.649274159872874
339.79898850144457
45.28515514174728
49.42781247113926
26.12265314268408
267.23555332397564
164.7090400264511
-40.30758595117118
499.6036128019964
-47.09281182231507
6.380378322414714
21.20824040903971
88.03986092536825
-164.84778439320655
-44.65897788829522
495.11787930054675
167.6242906864307
-204.50797342796645
-53.86576544745939
-4.0897206723953445
243.23157403420478
124.9664973043813
277.7845325814503
-19.053790741528587
0.7704002046681282
0.9446605178558727
252.3594869306509
88.81830831031834
42.09078529895152
233.8832212925769
318.10791191094756
333.4248886680241
-0.9435340977517335
475.5731131037177
60.45426053075751
152.55679163772763
-53.7734293356952
-208.17770340077035
70.04515311216386
156.40260755712177
68.8042245698754
-185.0657196975139
15.674737823501083
-149.98829484485205
-88.21267553263809
410.7050662770266
69.19669313532853
-54.71270984628088
172.619143257181
-118.33350845615294
-76.58909158472282
107.41862488217531
130.0462076788055
246.45203433118385
66.46180208099827
-185.29061912358043
58.433124834981385
152.32527615995312
-171.20308014416318
220.42047818751206
-110.50411611623224
3.984694299943502
333.347296135184
-75.27910063688273
176.23072982641307
-163.46647137140096
44.50518825330123
-1.017979917970024
6.332690176511486
-105.71025979824306
-72.13202254556707
87.06833317857311
125.56276328183765
65.8561014200722
57.31346738188316
-127.91515498333902
-2.6075070932993416
-85.07960789456793
146.45324139897656
43.512015198214236
10.418678323547255
-104.78658224936655
66.8067407399619
141.4327746397238
-69.79325123180843
416.5014450336887
-125.21791720165224
52.82091785816206
154.68599846215187
91.3137625298633
-3.5389118641795037
604.3781426219907
73.16315482049242
120.68740322290984
104.59809908667442
-29.123881282947963
-253.55518928594603
-162.79070150434245
-40.766958774765726
-188.09821255203056
67.66992080591346
-154.72903684337408
-44.20643073395594
122.34942941296859
94.40535066838073
-352.6825525245491
14.319699009057384
-25.876492605084835
-74.6131239227476
284.90946387370764
-53.30247922350724
-63.55789384362999
327.43946856411605
-120.3652952726999
313.47532374894695
198.40412340875474
199.87370195570048
179.29957547174996
-111.08727281254991
182.687153880813
197.97229373887686
-59.61234517276487
57.23871044948015
349.0554340274957
127.42350502547433
-12.16140730030669
56.61020151377717
-51.98637856444092
106.67862801826432
-23.38494502005873
-125.54554048672195
-6.038777048631765
0.17396029323592188
-196.60278409957562
-118.45326095929418
31.16005655353399
-166.72158680974516
148.03040590803624
-144.86242805285758
17.553590935725808
281.9459356264964
367.5585950230975
-112.46126045771517
91.19329863459377
209.44175629672583
480.4426550540617
-93.49324153972319
-308.727476292911
151.58467722751013
-92.5286168610777
270.91441768623497
41.71582354338405
-20.44525405292184
-179.738817700847
-139.24392762757975
-75.6633910113491
-45.72355862411094
-98.69749735825488
273.0632449428616
-181.45586468856754
388.0764359295275
414.14828416979253
-14.065028910283216
-34.627671806292824
-248.48247434098073
-88.69596818941258
-49.364532715104204
-2.6075070932993416
-199.680376415765
-95.40515927997407
141.86961477078762
-90.19684815098132
-7.353315613680799
-1.1663412018600496
88.63920371485419
69.26569249417179
102.85773071336425
-183.87774606748613
83.40351609003595
-154.4676559124317
551.3700869301074
-81.44498388172597
-138.71480821718941
408.47232590826025
-130.3448814570849
-29.724969203272774
77.69384635885103
69.54485515659871
-21.372212738782004
-54.67323540650382
-78.53524729650319
-152.55922486347808
171.87896226408037
-298.6668437014571
21.56799447033113
-181.96183117185484
94.45667093106043
58.21296349075409
-191.00092317683075
230.0451891356817
-75.02240039022962
72.5694800000472
-21.297667037651728
-113.99673654534715
200.739443917339
23.28447025811836
-108.91838896316646
140.5061027373171
159.63299365841635
87.9257271370662
406.3506689569533
177.5348987287773
-22.31623032604059
-2.6075070932993416
-230.69778292740023
-59.08165312958731
51.50621800558374
32.25668223275516
32.51451598610303
-111.31606245119443
699.4554533986853
35.009215679025246
793.2599880946708
9.507228797323783
111.00881471446763
46.0521150765731
-71.86994196135399
-187.54191728904274
44.66197417959723
72.64220914349345
327.8033868237169
-144.25280475160312
63.23064389481729
148.79568737064648
217.54142923129584
51.720689812962156
-175.42981391879545
-31.80870208835998
51.41650489134581
134.27151684459102
13.183644799505164
74.40258243273007
394.73330555414327
-108.68161462929196
142.2505586432525
-197.0469892527961
-115.62078860609817
-59.69335452682531
-9.134692790375823
85.04333322169681
-18.493140850630162
76.04012841593175
226.95199351361452
578.0743466344818
74.63382667591074
-168.29894331933588
146.56089694261996
245.20377099684723
219.32163399445912
-126.77588352499299
247.0015001690948
-147.20743802092144
-198.95138108504096
147.78660760304555
-120.58401248248806
82.33507086325443
112.2558305348077
531.3021696496154
158.25130290610159
-10.28693138242884
-43.20455391066355
270.69368877458714
304.1693774623343
57.04809492405478
-132.4297003163166
30.459019416931298
-19.414227212267882
454.0115221911358
-21.79794225146294
342.35165979168505
337.51673933586767
335.7971419749606
154.25020698899044
-196.0214039741082
-9.91917626394103
136.83538607145087
199.59415341995344
162.5428410681709
287.0252997886223
632.8011472904983
-223.65590686158836
-31.987104120789077
-201.63895467448324
29.325426772482572
-28.945711051428326
-77.24569469262357
125.87278717817995
324.99005508885
-68.52539371045727
-98.56214670473608
-42.89583300168589
-140.65161555607511
-13.796181122656591
-10.18147908012862
-108.34886146033232
132.8267045199811
216.95336141756323
242.14467841722254
190.21091741490957
32.853253186713275
163.03062435522554
23.30558553368414
113.9014874130242
476.86352832462876
-103.85872912597713
156.2111512092105
426.2151999503104
-19.952611387493718
-151.27595197993318
373.59859456752656
64.42697833933809
-0.1408504772320125
194.6761023443121
10.662158639748036
1.1685273460844954
1.709324662717556
179.35735544771958
-221.3260814507485
-93.63789421845601
66.19298012496805
-217.24497473630962
-174.01299368291822
471.5778271443927
-80.46689789050309
51.65473351367325
98.99655777363945
2966.46037543357
223.28019989634095
161.45134271190554
-118.44321451592914
116.88326403441664
332.2197484799394
140.57110941936907
124.72562162496789
344.7319794227834
331.0972039978557
52.83125132254708
-19.0921584250826
-10.794236550719855
17.70337739745851
942.584188843612
45.068589170555526
-1.7336134941051498
131.01789282177302
234.98549924784882
-5.495441449825876
-26.99167535856533
58.951567659421414
511.58412360227476
-105.69758066536718
188.96964271638478
-80.45469781513316
206.39645576928265
41.36790058472363
-156.31797729339027
436.248868113874
51.76120389350713
181.82815954730358
-166.64788542943586
60.92790079410764
-13.45017496528166
89.96164269284405
-158.31252354622163
-26.723733947740072
75.40338669247352
387.06512380999936
121.23581088823954
202.7152193818114
-24.324249178636038
196.9311475861886
16.07145131485752
-38.21568316713145
-107.64790952073578
61.504960726113865
37.02097205361422
8.897395784253966
14.519460506335758
80.22659108071944
