13.261737293299795
7.25159905853152
76.28795114417062
20.555755790659227
-9.561048260141039
49.87356376464775
-6.295562047077182
32.167678766836524
29.21511918598317
-7.699508972848401
12.37960947341435
0.7507173694706246
7.347806858156382
-0.4923361749934374
-2.2791370014892873
-1.040950749814649
-11.042176042871054
-3.292269066025531
-3.0095548174543563
5.8700971830317
-3.7696377736945035
31.52681942324768
-1.0163412538700962
15.376187643039504
-21.169451896709475
6.235232203559974
-7.466676334484854
12.857468074298884
2.3550866907697365
-1.7059243398816886
26.376542884484152
4.971561212465958
13.72818985363363
13.347077548313994
2.7132709023467947
-10.119419256327921
3.1705635400785392
16.27056120703611
-10.607206654879766
2.848172370271666
-19.41172975364602
20.751643049145315
-9.171569796647045
-25.313223525573306
12.964786271661897
31.654807913228666
-2.8961515595010248
-4.631607523149411
-16.026217814687904
31.904163430281827
0.3141364626284595
2.8320299842886127
17.129361166116993
3.6205382147546894
7.446080948265954
-12.289136931192308
-2.8148685738388544
13.84358824093706
29.37012854751579
-4.75112114797046
5.5328373812022535
8.905376899141043
-5.176156833080654
69.67839112445084
3.184189841280511
1.72690535651002
-0.5029900341170475
31.724642142077386
7.52649205187085
6.295710421044449
12.103247277004094
12.832872637664842
-1.2893100112096745
-8.166923103386027
16.26700222006889
13.288521632814167
1.7047071379230188
0.7565296867364033
43.026835004053524
92.60552600475863
27.10657088305792
52.01303655357774
27.866525718534824
21.604538022504478
1.0051711285865323
19.599643007353244
-4.140041467446462
18.960622510606278
25.971607564053514
-10.58064197221634
-12.817297309897006
7.757717735109142
0.2978840602884869
3.1421951356315727
-6.776688762855999
13.020655960736244
2.48883856406956
56.308061466373985
-20.490679030030854
3.386431101417302
0.759629123994932
30.177091625634652
37.83675834786092
24.934590058537637
15.210385178629735
-5.887464608027111
3.3674309696758513
8.53466855348301
-4.259050145599728
6.487530290146319
-16.016021020844
30.09630927164099
-16.313106682890528
-9.908063398003263
1.0183326187606223
-16.24076676809053
9.586217450480117
35.0445438989599
-16.39783212935467
9.434079293777483
-8.350928692013673
-13.646012201136477
31.804349376349535
32.9693497911259
9.139631298412098
11.969613367046877
96.88895741684968
10.233002605598763
-0.018928701193942743
-5.254795066480131
-34.01154588456867
-7.514049060556376
-4.745957310585345
-8.864754568752163
29.117474749059305
5.0750036444588975
-19.345727468441154
6.18562768809345
2.267419956631138
-3.283131593551108
-27.488669647449257
-13.443131368601327
15.343616630388857
6.359826932395743
6.587157570447229
-4.19119550329968
21.514101773701757
4.1407279564404815
21.538791998859352
55.85355611830164
45.461708099919214
-1.1466274621976158
14.557419011135485
-7.925304686426314
33.327564603989636
-0.3768043493748445
17.23393905146638
25.24042093696538
11.123226872014781
7.807344700807272
3.5322844647836997
50.54005931896034
3.00122429104081
361.9713028610247
11.122119847250659
27.35612739492052
-1.6352883694222866
37.8300820977422
-4.86023423021782
7.892853297439668
15.60853121114082
79.21448288149197
37.34525755189581
-1.026630106871524
20.841911162231312
22.462232246141113
-9.074221180589655
35.06547989597247
37.52014277348789
-5.344331917025331
-12.991737707002068
-4.678701098451995
-8.352647617020313
-11.492489426439084
12.775989157704768
119.8081099487782
5.360712887320625
41.807899600209836
-13.610806229646668
-18.29265966994071
7.743751085690375
13.807912166967805
22.930651583584
90.45330415197434
7.769518217574465
-5.405036007379206
-16.619791277503055
98.08180514905179
-35.44793373940182
31.32506539992321
72.03450168389996
60.778681889107325
29.048624631196184
14.193064240803581
-0.46791119171333584
6.121519881816589
3.386431101417302
14.883276677013201
-6.888247188577898
-15.995323946082364
8.801422322980867
-8.651439253148238
-3.513159364114541
112.83545129933391
-19.138445241167453
35.00359766801783
-6.884493441074154
8.368780062452915
19.217736522093528
15.486662502812138
-5.8587087094234676
-8.492370039382353
37.24239168003634
-0.8920085877110129
-20.2824422345113
88.12796554563586
24.145448300347446
-11.900800305980512
78.0917215546687
69.38656432596416
-10.19768697889519
51.21551860460218
55.996261290147004
7.609970838166759
-5.698585955562123
29.288758650252362
1.2146502046461265
13.141285032371908
-29.363234399275527
6.777386139045356
97.62093010012578
19.58457247472934
-18.6407879636185
3.786734711444689
-19.1079747122413
9.250207065913678
23.04902677766453
25.739429389309706
-9.870277300636095
6.955035788236225
-3.0987110190125673
27.25074950833376
-0.7373023130669774
23.38322872737816
-32.24935140618658
28.683872197376992
15.586016077012449
-10.782848260249777
44.854952685090595
9.80919599662744
