86.11396167442922
-48.17487606980404
27.322460960990835
23.631148825679933
43.16902932978148
32.79878906757017
101.15254848812982
114.3972151887506
52.635773938066606
6.953296424046382
91.31029866773757
-6.616163696743936
183.6906844902051
328.70573126580916
67.5589493701461
-1.710376853440014
12.261478022835565
131.15192032064056
81.75510934325715
181.0339989826373
92.95866729946563
14.306789911389252
82.52261099854692
24.854731976113644
70.26834221391421
-28.830269791902065
225.1946397426511
-61.07738899229416
2.692894065654624
-8.77176430854816
73.09818178387016
77.67200558241699
30.028758342003048
37.50268520382376
116.43631179223478
-56.58998164592262
61.30505654473497
-101.6608107401855
-36.59357055678714
-106.50344225449531
-107.36444498311413
31.094142687184977
-94.1306622867573
144.26478338689148
-8.850163135881179
1.2727694788906234
31.099339553676728
-7.842321654290739
163.60643940040762
21.656773676450594
35.43160112764656
-40.352767726728246
51.98206781789905
64.64683171116815
19.503404288111774
21.28651813691262
83.65209013784938
-19.70262743814666
104.12496876500221
-77.45211849999977
31.87657419372395
100.48906881482668
-11.637240544438495
-24.18376029844161
17.214929564655662
78.6227167364688
-70.88925144546464
52.01012874388384
325.7413068201001
23.621525705473243
28.19616318244015
2.4873195887913617
12.17390696660857
-15.49079756344253
-101.35735092806154
208.24935431968018
-74.74986960326295
2.6824431709523537
-62.2992669520213
225.62893358979503
47.258960286458986
47.931486931095385
213.00401691479374
115.52278335426728
216.3212737120286
-29.83491590502037
138.29860566880222
32.433175098871686
35.44023584510863
-23.258497053386503
76.50061075869193
23.891194602817713
-21.982172271637868
-41.2678757839533
15.86427510120235
33.55648645704011
-48.2375986446729
8.62509912897134
86.21068029205789
245.5319369261567
95.91894610036394
40.51751488934879
74.03156537749582
-102.70614434097213
4.363753381527221
172.88746110406436
72.64237532296518
45.8585709467417
85.5317891788659
-1.4250701634278755
-31.638666756405367
167.9786929016753
-21.1362826214154
42.60944691384567
806.4803377453023
3.4951181589358775
-14.599251934313958
-73.37949338009372
-31.770034910060236
5.1016384182249865
-10.375328321348984
113.12033761338067
42.628096671118314
-32.260558304473676
-44.09404243940777
70.15778157973874
-34.795048601871486
30.54409950500004
3.5673753865356375
26.592085130095857
105.4850608707798
2.0104724165948618
23.621525705473243
170.45172892567436
-53.129794439643476
-30.239379262567635
2.082233184426997
72.57063711733655
33.377048219752595
-4.2379498251863446
18.638354377974828
92.79128910549764
74.14814576821169
5.665596327926398
100.65232039491521
66.55229594527529
-35.75473973392691
-13.947603537933137
14.765478540832994
-47.38678335533821
7.721346650615658
-52.724542744750366
-27.98121339249416
