363.00226147871183
-194.316751332456
1030.0672758177375
56.47910280017854
-36.72120061366455
48.18793368266846
134.29425324969253
-136.879620080217
28.501350962350806
-118.11010628291925
57.02014330361217
-17.500998686042493
-99.25453193234105
-140.35231307603937
169.88866072057886
-119.13411040333548
-137.0313387131368
98.31165637852284
172.62062224513255
79.59899531240173
-127.73139116569618
124.18412656970094
263.2836575120235
-108.26174523197909
25.30647189261932
93.19590473901427
68.89022405819
-127.87825222106878
102.73586510914055
219.76054936918206
64.63506882858522
22.569516003943654
148.69779218387666
23.899628688230546
-56.80879131635814
-217.0531817008385
-138.94682020835097
27.4345624872129
-118.11376728933854
-42.639216974328264
171.71101114648965
459.57773200924703
39.5956018450656
404.5795482188398
-203.54465184286542
-154.5465455693586
180.80428008940183
-30.326562039724855
27.4345624872129
207.02310731029235
126.17036572608039
10.923257646911097
235.370518592053
27.4345624872129
189.07189419714555
54.92150813215167
27.4345624872129
2.858645462875117
286.9299174869036
-148.1232954131569
-50.53143403390057
113.88236612813007
36.987458332420424
-113.14107990781346
-127.40934453276671
553.0528364575501
2241.0894981338056
819.9080982887916
96.13591388658207
534.9177920117892
-260.61619786032804
-62.25965105963854
0.3367502864370735
-306.82963087259816
85.18198342234308
-15.273212717404405
181.7984630497541
27.4345624872129
517.4805676440164
-142.42791821185753
-55.04734074277093
-11.818730792407663
297.6366019286737
42.43526701409505
309.10609526978294
207.7179257478117
217.0948733718538
11.256794816326192
116.53557027083633
674.4889711837724
-105.99306947124342
167.65046608539456
-110.04865433844765
11.582978900601702
-79.91093247647721
-154.5465455693586
-148.11587676010973
2.858645462875117
59.57902276960476
-154.5465455693586
-94.05319779401636
220.10897628388028
-104.05456527381162
122.57038880726746
-362.66626039055893
-234.358957289139
89.6658762252288
-121.52999644359795
-17.936825695497937
32.45400044728035
3.9528590095329292
147.10770889482168
67.417103391668
27.4345624872129
-151.54292223288454
321.82836376939235
129.69398541684842
139.54070674766734
267.52478176319516
-100.02173404413244
-58.76575275164504
118.47439878729344
-76.51205731132647
250.02968900650836
81.32884011873135
11.813108346331926
281.2685626266772
19.322637469358654
-54.1170191619519
-166.76052210300455
3.0407628742783928
