1003.9608636569192
606.3787504439533
3747.117201178845
9901.178869205422
3145.3747825893365
4428.927837268322
-1442.5048394473802
-1266.1136550176147
494.6687181969459
795.2485640843853
2184.228570907874
-589.5878688813002
-316.7891650855598
-1850.0880623476655
264.44228670032885
1394.9864357632819
-3476.1045958643817
616.453306469808
2282.852403677316
5883.832826559832
-555.2763862248225
351.48667272205677
119.50527488967373
4177.024214136395
-1691.0879424132252
-1679.7958550959452
4546.904003766186
2465.735554750224
846.6904964087892
754.3765188190541
-2046.0104432717544
305.48291743458805
4093.342179394705
5438.237486250439
-1802.0422052514348
-33.07305566871236
323.77171502765594
4702.957161013565
3128.9373351311942
-884.0780678320003
565.9052680252012
123.43736954133834
3837.024591815585
-1528.3389729264043
1630.1146751609817
32.37374780936477
662.3067194043493
-167.43397401569564
6792.549003203548
-924.6367065439331
-1038.4359249237305
702.3819801264988
1395.3288043323307
238.20544409333218
-1034.2519024984083
4332.985266384169
434.0739100950983
722.5745799274391
3003.7281612275024
-10.971040759806115
1112.6008979711378
3438.256602032135
7593.599943037507
2151.681477759114
7975.867122536063
-1360.623551771091
-1565.1997158998092
-184.96342416319328
-1208.3592810470639
1264.8398861024089
186.64688417358127
791.114248346943
656.13110504306
-1139.4585504624117
282.7429519619766
2076.9938914814793
-1379.1910868654431
3330.427125311195
-2410.9658442310883
-23.045044399608287
7485.6179876710885
-214.1248796078719
4725.177444043546
6098.170903130428
2594.0950123439625
2300.259751210882
1311.315255783493
-590.8309379400943
2425.8783520448324
22288.985201405703
-1090.6376899719655
7354.282232205195
2028.9989163388605
4703.44170506752
510.639297345664
-961.4153473048481
3050.007037766289
-988.196066338387
-1399.203638943465
-1900.292854136998
1824.7126268206832
-975.0697811859125
4744.170264574027
3300.945392391353
1639.3099673479
2338.5432310945125
-3137.882924013429
284.0464407213638
3956.756165740677
568.4963939977831
-1729.4996029472975
2091.1127386270277
2558.21561825724
1829.0429236872167
1966.1501634527249
315.467500281725
-3373.498155678577
788.3219573028894
-2626.91011489424
1377.507234639859
-293.23437038463885
-281.63771528445585
4016.0356046609545
3267.122670177248
-236.87437352972802
2206.4139836377663
3694.5486486031245
-1119.491062883494
3133.434322950169
-823.972434919369
-97.58883585564416
2412.9498551664406
438.63312577373785
-632.1779435413346
454.67877226601684
-795.5737798320855
2535.154424027419
977.155022959898
2016.4748241974874
2905.9723829818713
322.0841126775766
396.03146176242
-1726.9333394432917
4740.667085381462
1257.0916796315905
-3084.9215244823868
-1233.9543012529366
1601.817039501459
3398.744742738156
2990.965485722543
556.7305590105071
-442.91818294359695
4921.716124730989
-1556.6451872255896
-356.0366990843164
6526.67601097953
720.5412349238893
1339.780863131618
-1014.7168282029211
-2816.426390418558
1966.6213678356996
-2766.0815172401467
4723.1644031460155
-333.8581434601832
2797.392930183414
1432.125040934307
7779.293681185064
219.972141157569
3862.5409158668363
-354.18151522691414
1044.68470996086
-1016.8100335432343
1803.601342099698
388.0945941349171
-23.56678998286725
1009.0280563845772
1903.6121198135165
3359.944893192095
-2352.8883124498643
-1543.0349115241943
-234.7748842260969
974.6244061882805
6053.790752435705
-1796.77384732999
5291.51963383326
-344.10080743070614
1442.5258881792893
1759.134334419487
792.3599638548567
1820.8981455009848
2364.763412802617
-2046.8373536662089
-3336.281061629264
873.1976503574524
3103.232580586329
746.616003001694
931.8846501855097
-1164.0273498803822
-667.3008963852252
4254.982955990913
3164.419948848168
1609.7754120227598
-1628.3879170185785
1541.691505748839
1160.4667366584936
5512.920901000866
-953.082819513455
-295.2496688235274
11696.63953989646
-824.7611701227328
2285.527253578724
2707.9690099018267
-1946.813689080483
-1857.3777150260948
1444.909775228359
238.37806422779158
4588.536667777642
3214.2885771399256
2462.7747908013503
-514.8276778563582
-1562.5218232333295
3032.7028296442195
2312.7646762420563
4681.815484416014
2238.1578954359725
-1036.9672152890812
-349.744199334562
-1191.4733871990088
3188.3577128639436
361.2077130154364
3399.0268903732
2792.245195699965
735.1381166805536
29108.487845045427
-822.2750444719633
1144.7701872225878
-1828.6161849780158
1245.1885440184806
1638.012102768575
910.1532559631644
1358.6236946480888
1899.3645762843612
-829.3942025447923
4514.087408871283
-667.0655423659102
-2200.8035059675376
2435.5988799262177
-1827.7861766929627
5532.2750079657435
3044.340295614471
-1682.292324655688
255.98552471091648
-1611.091267084495
3575.92144066235
1067.3524640286942
-2690.777952085953
8004.563196363387
8010.368582991765
763.038815180517
8462.9615639152
4038.4930783942154
-2067.0818864138528
-720.0827403028069
821.6970343687556
-695.2209124044082
1662.1053634031102
2678.6290815167245
1615.9228993073223
3967.0344763111057
3360.976482589079
1698.99329392645
-2011.790446570571
184.42318348635303
2671.9579288941127
-1117.8503079586185
1641.648767218741
1410.6375040967555
2868.797974655406
4636.568734291106
-152.04628000830633
2263.760851289234
-1490.4333770539624
2708.4440214681663
869.8854323335142
1452.5147444989777
615.4795612277194
128.32909285790242
-2642.633626639944
353.2357666456414
2716.019784486274
-1435.9603041754692
3928.495288326423
1194.1995574897644
-788.7591237706938
-370.784925689694
302.9031325559039
5720.463395760686
11.770338468490735
657.5125645758892
1742.7725235728708
1831.1928965314185
11640.227903010189
1344.394284730654
137.7839059970762
-464.4724644417714
684.5459562625028
6295.860781574941
602.7672266531231
-894.067017269593
2349.056090802043
1343.4817411412596
1526.1141693305806
3172.2272477460247
-547.3780873593626
4048.9633666668433
1016.7242996463805
-729.9034902654998
2477.3600487441645
2118.475930988787
1581.5858515520085
5977.496555528357
272.84824922784634
-366.4942571708434
245.4465164569516
-1560.4659069251707
6701.9083408815095
184.03734412089636
-2609.214633427368
4634.590099502684
667.1623771436482
95.66006326312818
-1814.8197189585508
-598.5991802550498
-1914.2415457907732
3171.7398025251714
3755.01802629552
838.7758625644115
-168.894842606883
1558.4633605304052
95.9838914259775
10600.687555632492
-838.2715021950715
-506.08032498382863
-265.43409396252036
1064.4927722042455
-3297.536239719338
3426.467323521405
482.9760036221995
-2888.937240214485
-965.9358950360843
1067.3524640286942
-967.3170210927551
914.5073689708761
2265.240576606228
19390.575182426586
585.6520706232985
5446.540881257584
-1443.527340539137
-299.3572093174648
4556.512532479852
739.2424535714629
4171.70370595949
5054.9566545377775
6075.106689153747
-1460.2014775487796
3155.0337826273626
993.7247556479357
5830.698174936332
-2010.456198081998
699.7258197407821
723.5152999931695
2396.990271929597
1132.4652823773858
-147.7594509551957
3076.562331584984
1613.4393851419914
19.501432345335843
-883.3371151222507
-895.6118494427363
1463.140077897447
4437.902887294378
982.4726840068779
-36.363720765050616
-165.9240767262961
3794.366279134946
65.95410222818157
1866.863592797908
-2199.505816078159
-1446.435493238829
-124.13450473186307
-329.05442976284917
1044.2483467224374
1234.6389166795298
2443.8472884178655
-651.4937248851784
474.4585137368998
3281.331150221177
1725.005122435841
2440.996769460595
5877.407501296319
4482.916561432712
1611.3191449235983
21.091876572391186
281.29623030746734
-1519.1097589225278
3418.011698148007
-61.719516062059995
574.3977893501966
1170.2087094340502
-218.74272309640048
1923.493394027439
983.9741020367413
-441.1580438985468
3790.8125471664384
6466.9397174907135
-3188.4290823381675
2824.685781026572
2429.252425764025
-230.80087983544888
1517.6180076261585
1041.0227678301426
2327.0659383184966
5469.680905718855
-2521.3708634863747
4730.2135485706285
492.51317276478244
-2580.2222292920305
301.71173987065066
3466.7462573908338
-3446.9890617061797
-367.94745789559613
-388.86685192287115
487.3914730977647
-715.1658640711024
4578.463863872553
1421.1676208525878
7223.070381169751
2572.0830699629605
-1024.6414938168227
1922.7364632273734
3385.7149890997944
-294.5473718313051
1498.8527988273631
3782.622243683427
5060.550966824086
5893.013736183477
418.5330211817062
-875.3873484852809
127.05810035991874
-205.3168343884345
1809.138446144801
-2301.514017200189
4640.210562831693
-1041.2384178230252
1649.2590520034923
2749.055023534883
4236.030417049675
941.2116616311805
3449.6646401472703
1256.35196527702
4569.436868653474
-1932.2007795742093
199.27785801657876
1115.3624069484388
207.8905490953348
789.0526238878989
-149.57578691134836
-1815.4524461426054
-635.4190355934315
905.5451070967812
5281.46122438459
-1514.3505233355463
5306.48542076201
181.61204306824777
-589.4739235087329
-1102.763834079996
1536.7462190525705
-155.62401854836588
4647.256033165938
2313.6913591133443
2616.5005998995257
122.17127864225324
7842.934499220076
371.96349117105694
721.5010866532106
699.0186079378011
2973.489896370274
4721.47672102753
1603.5596356519034
-36.620461564239164
830.4114159446307
4703.779698982214
-2431.794668643268
-2746.753667062327
2316.057199113977
3858.7623035386687
5046.069390168364
-1205.9276813253373
1694.8143718677172
1173.4272879640912
-4016.488822671471
-172.25778696649232
-2685.176948799126
273.77297085244834
4090.505757482949
-464.0300833238947
-2765.5555386343212
-703.0618917559427
-1508.8982772275726
-3115.035668942354
461.5350986975768
-2006.177542533457
1596.0945754067775
-862.2642386873508
1892.732482339254
-843.4043601880268
5692.599382314619
4552.25096822758
26635.548170605445
6180.371018929222
3345.367272370731
322.1133715777246
-287.8098378436285
-987.4681016626112
-1477.1390882525898
663.9256042009895
3978.907105597504
1742.9617114699167
1240.4903923212132
-1650.9756611446164
1126.4340524483189
1830.9138541107045
3902.033594842338
987.7205702117244
135.83862418091337
3255.006805624209
4333.983197133663
-1918.1300755721932
776.7407319237369
