386.6743366921345
-17.85301512334894
-111.71799314906593
779.2863246612649
-380.53256977832916
-652.5317298769187
-57.09933668532341
532.6002945844635
-988.3926617759298
1622.419573419877
5101.115552793989
629.5519202950086
3327.443308817713
-307.4594776090512
-793.0464820425111
1673.3710755110505
-98.04195829424799
361.0448285542708
125.17374335775699
1225.9744818426109
-38.5276058386587
150.89978926337142
602.26951805264
3620.365465206186
610.802247020272
-127.00876305246669
-430.07115580239815
-28.46297172506445
2645.630000647583
855.1342068067532
845.2365397656095
-1247.5043040202302
628.3111160661495
529.1804360130557
1002.0600310565226
72.87463209011196
1388.529983255185
277.9051725512054
-1336.8427332031674
766.7298347880405
-1506.4029636559774
-393.6504955139817
802.6300979332472
1034.9671269931316
-561.1669253127012
-231.574577483383
233.8826207548804
823.2262460976109
832.5253907950736
456.6890097884714
-221.17832310024062
-508.6171572279917
277.9051725512054
1328.2847976555204
3588.4351194546157
3825.1430788633998
-723.3445938554761
3919.0759245083223
3294.2500202723095
-1341.8979348899684
-622.2731232022218
690.5003004288316
-12.027191463548377
-64.33424242446722
-978.4573305534882
2589.394092892011
267.359895903876
649.6376273418846
-140.83097831713968
-425.69665664994363
277.9051725512054
-913.3247848170649
462.30862996824794
252.312713205324
32.41185510225398
69.92259885150116
-362.68167847517543
1550.0856707271153
-137.1033139213688
211.59367024976711
1085.4337750479083
-2337.0801579577765
9.389215394532357
1469.2286268396417
-327.76214902455024
371.85210215478685
248.49713888949896
2624.290571353715
-1132.7630209565043
-416.8591743183638
-1110.0609274684698
1512.272269310227
277.9051725512054
-329.6313781841294
828.7459471416952
277.9051725512054
1517.3301485689408
-497.0076807208468
1173.45645344914
-808.0735679813715
1626.444119619076
659.1361577047459
976.2114722150668
-1407.4239687944741
-229.03904323874923
4158.356009432735
-1171.0670367816556
-159.72384173979128
958.3899677756449
2583.1683345854462
-767.9545723452768
1054.9352636425008
791.9470667810181
1489.721908100285
990.0726539426205
286.2193467260552
-710.2797749106888
757.0110212122917
-291.9187560450164
-1395.3261903833227
-670.7853596350583
1232.6790258164388
-198.06367775096345
-259.8310302292657
371.4346250676614
3489.251606682543
786.2051442640035
104.86223576219993
355.56021674882595
553.5921027803163
2609.553841137748
711.5353891779212
744.2452830705301
2734.9190557613006
74.32140241336725
1614.6683012319863
2895.4650338394695
-85.58782694913538
-707.4179149533833
440.7665916705963
1393.0844345194698
-884.1265414848815
2235.8026934600516
-654.7429664635556
-582.8676983083511
310.12002216534046
-634.1806349450139
-518.3862078990555
-840.1794890427757
872.4820229702905
290.0914740857619
-332.1162391823158
-744.6515547151025
931.9683298012934
861.3693695352379
428.18785056358894
79.61743889829242
959.0181305875527
-503.09770085578987
570.1069689061085
763.3935417942168
-412.6745069769379
5550.30483162707
266.9747556330948
399.07822798958733
1880.319192985703
-978.6789227214008
2172.7599100868874
-288.86097305566045
944.6765050889319
506.85105420444074
1337.3455366953553
-1194.9080792406476
462.5375473164156
-1449.7123275279846
468.7135727223485
265.66103891283075
-253.84262294786345
811.5980007571637
2509.386273142321
-229.59382329431497
-35.13833669672812
1184.6350642968773
588.2155655860686
520.5174704294925
-146.34752101289405
-420.20552363290176
-376.99811034507616
-376.76656453980536
1173.3222685724904
588.2155655860686
294.8731492585981
206.07549905909363
197.13461244342318
-620.5536855525863
-714.7156144034718
-1097.7417531893773
33.9092126857615
-448.94565199708336
1248.439506030817
1228.2446443029228
1345.6002164406696
1076.6341720022729
-766.9291099902075
867.9737495510017
334.692544524364
-302.94096694138045
-428.3158206831456
-1045.927860192005
1313.198570289163
-1933.579572185752
56.8321099973179
4093.4303513639015
725.5359727362062
1844.1774076362515
-174.6126383041846
5701.565195243919
394.5844303875735
245.35235056941642
-155.70014067420385
1930.334632663893
-478.32145502681567
-451.24432665438235
466.78333163760624
1015.2113603467319
155.51656747380235
277.70820512089404
1190.6821830106242
415.1708051752696
705.6719330695303
8301.152316296695
140.25267954034234
8283.591620595533
106.05413540640649
-341.02055154551215
3420.4339795834812
-1074.3022824620132
224.81121624552014
787.5358969991538
1419.0949444107164
966.7050834388101
-1874.0180968076447
-572.6204698127075
2827.5028426481595
879.5473650392701
-562.1256840738924
267.1023621106517
778.3306514518109
-502.95909215038705
561.2565786857996
779.2863246612649
-290.31615543425323
738.0772882369073
-376.50599461973786
-701.9630192125538
320.91553731068575
1262.7235886922633
-972.8248179649459
1413.3819084507509
344.4019270237456
-206.98681266270296
-395.95385384252154
-867.6951989788433
-204.80362672762334
2395.30032081314
-995.9937569000294
-468.67888955257456
1054.17202464942
-432.36860324884367
2462.2624448544134
5340.776692181583
685.235365722132
773.6568731507626
3813.57427389238
-988.3393887260349
-471.5845009241941
-219.67374785181119
122.93952428165065
-541.7762905032818
5373.948700695899
-79.3428483385141
-578.2011938339688
751.3904732733565
371.19701360531616
1285.083205802766
670.0200449031936
270.07984779482314
-974.5191560806181
1100.82883991299
-1104.535239268392
404.00596955730293
-487.6208246078386
-471.04257139602737
-40.48757578654636
336.57632008518874
1073.3080954225898
87.52916643955035
1427.8133985787724
-111.51350148141972
2186.6013626758063
167.36065118102198
805.0818623579194
2858.6289012436487
-1507.1566181077765
493.2380360591269
-562.1961941950227
-335.82408922812294
297.76698615118954
-456.2606102169883
100.91103230539653
1284.7581181474957
-702.0945424492323
725.5999711228246
4022.821743651723
-941.5833937186203
-1637.1830320030685
277.9051725512054
-437.8143984289627
6359.707021423203
588.5121916525126
-255.96649154466456
423.6977530959151
546.6857564711759
-89.08818328431539
41.33299467272502
1406.2696053279503
-769.2698998802566
-476.119899463406
685.3187764349557
-385.39590330743
-224.84600564403547
-1661.7952098937906
3145.2390843678786
645.6123983290876
3552.6317434743337
2044.643944584079
1212.624289310127
-886.7622286130979
-65.96765109945625
121.76357849398002
833.0403485343509
1709.72946094812
2752.790708043718
906.4707525203363
2679.771105288567
-323.93789063799306
-56.68592114050659
2037.4789931523537
2136.003978106024
242.89837184173666
-714.3635497255334
904.7426410656803
-2072.6979759165847
203.86159710283601
3194.2386384223564
-698.3586928892719
2386.397961573241
-236.7403881952382
-345.8275090419088
313.3801790736136
1075.8579804533013
-182.0250415931921
85.35243731650152
-230.25629505109708
-1294.3222086497342
-191.35918115957145
334.7071244739447
2921.980252153013
1821.071049943013
3068.8867786065844
4638.45894028626
13.622553031309735
369.15509353286996
559.7097125015136
-307.95891939131593
-380.5324488021545
-2.4298253991644287
-130.9873263830848
2421.6615292366114
-75.40126935732673
746.4332404251245
-1699.030485726084
1382.0228474782346
323.08786291810407
-122.99774224611406
-176.51386624324164
-380.8514475059286
3504.6382171892724
277.9051725512054
467.44043099712985
2741.5518170268697
-874.4881892997807
158.77811966270315
743.5670341871898
-439.24062861721086
-2918.1259994804454
-243.71285202487502
1130.7287724640066
264.28380709342133
-35.92273912165223
-1601.6279970405644
146.68584050588208
-1528.928498096898
856.7836287222291
353.89958000425355
80.31794566907976
527.4057971048821
-434.84117829187335
-2025.5402615582911
1923.5910383440716
1108.6567630247846
1798.2742205090078
333.750867510053
2294.8475265553616
44.06194751337898
3790.404262185802
-260.90341607475193
-191.66412898294544
-191.66412898294544
277.9051725512054
2579.5480341851335
-112.9012740642986
-307.9847654105067
-394.2234311376277
-2378.6963314072445
2116.4922861850264
5452.744941957989
1039.7919863686648
-724.2581096168664
-852.4032546248418
44.65041245811682
352.32808633019545
926.1789714937581
-383.7635602699622
1835.8018863255475
-183.88614804456097
1934.2963620440742
289.2579699756126
2191.8237423649625
1607.189547277031
-1178.3913415689285
-123.56835811555214
1411.7748068014241
-260.3389865750869
438.0321031895411
-629.6343741662465
-191.83102881237573
576.2818860672385
2180.6557852256756
3004.2248463227747
289.8483553712196
717.4450179110199
321.8461293827547
767.8996174802531
943.3213781977622
265.3589486794473
-382.4939540422572
90.58236840538987
-67.78981914361037
-1719.2882574506295
33.427684958274
-56.19076948321191
-160.71083195630717
334.6131040120798
1334.7103534012522
704.5815769255566
1031.2388212539759
831.8449681723246
-1465.7059230746074
-533.7410557883268
807.4398828130574
300.1375758152675
-1274.8997639893214
930.0424138118092
-461.9926407372353
-1953.1044145606897
214.41400531528876
92.30643030138259
1396.3922517519165
330.42054869594136
-1236.1317272685067
48.359045651627866
2968.3991873365776
1925.2382370314942
837.3642515310446
-788.2664823925311
-544.7793926542059
-973.9860331862042
-148.33426419893323
360.33307212297774
458.0928475869715
195.1748607194299
-669.0617086094387
210.09527651111318
224.64282874626554
295.98635896502856
-135.64937949817818
3302.778242783519
652.2758211164185
-334.6542406412515
3155.471592116277
306.08953718072144
1954.1092777939102
2357.930588660853
-500.5903860647036
2102.485993902325
122.28045042892734
1561.1002503326986
-12.271078409220024
-93.04125153376475
157.35916388294746
-1321.6009057242243
229.97092848035783
636.5403904107254
-696.2605835167183
-437.6269895609231
8511.956173140608
154.83938830620497
-13.175484443860114
-892.791219938267
1227.0225576623045
-991.3097479350688
-138.1205333062885
-680.7321335149213
1639.7858078078023
-889.0186068659057
878.7096480077072
224.6312964127182
1064.1072132679997
-1239.7004555332303
221.67558127061326
1015.9269479544083
-47.162046514143185
2963.110957670203
-444.95661506477165
197.55047733224822
-669.3626694713951
-1349.6223383722952
732.4405197106806
-629.270771160943
-401.4469931519376
-1044.3254350725779
1470.5304816930488
542.6885203238064
-246.9806686897557
136.48413361088683
752.0899431265689
-261.4036850910177
7714.573697437792
-269.5166170488244
340.2282059374707
96.37819079078403
-149.97142283233495
177.42387187782913
2435.260929865781
-429.9328554789432
-132.25290066617032
639.6472040828517
80.61687519955589
1408.2868022996208
2550.9351712590305
-975.9915911968485
-451.0956722951296
-142.50457968989122
-525.8536654804195
232.90235802833314
-30.986934168717767
16.59009126916351
2784.722235435502
525.9177075820767
277.2744034919143
-430.1607771794994
-192.77319184599247
-722.5020524030489
-508.79184380329446
-572.8814107534133
-1520.9679701034488
-165.28195194723605
2318.3963758890313
126.8618551585406
-636.6022618673176
-257.75306760877436
-163.53373858722512
-404.03877387232933
583.1555354374759
657.1284509628231
112.01607946076825
-292.18778720633713
1599.3967108092604
1291.218194315375
1373.7085991096812
-859.0241326395892
4593.88745369053
675.2510200953701
81.6444040655432
-83.85540102449727
2348.1832556299546
1976.0922655328677
437.38082805194387
3179.2569082718437
497.0126930879754
277.9051725512054
259.8887673546771
-205.66799457972837
6379.197265749818
-20.05402193149621
951.1726315843664
157.3575931766161
195.42655153544592
-1042.693086437971
3777.502901078079
-888.4152759560989
285.1663525516015
-451.3587327698424
-916.62103295103
-398.11355292660255
437.788133260769
-101.65121701332771
120.23182935269875
106.86317098398493
-983.8894143827602
652.6815926513027
417.96790160693183
1830.4256870852337
-617.3857331994542
942.0149856377902
190.32149658041737
34.38948556683795
8687.718465164386
1157.4834218664237
1631.8943179012379
-277.446327362111
346.61092499958806
-828.1355340292926
-494.0993100074156
799.9728639624062
-237.2099409244521
-837.9172510796582
-344.0208494068222
-177.42162610452175
-102.24456366347425
5292.846143602751
2478.1062502972004
277.9051725512054
2557.0323667192683
-985.4002874532357
-1095.0307981512562
1732.8835465848151
6212.393135299314
-550.2702513351933
-161.90813775118647
-795.5778030951756
267.1857709588987
-243.69194079097838
923.3638709684958
-1025.7545933661395
-456.49650944224777
-1042.4269231206476
3039.971491187619
2643.7223206202207
112.77164583467487
271.0526189857701
3564.525636141973
130.2828794292259
-34.75804240473076
1857.0855286143674
970.7880804352786
4270.793460200436
-462.1897538452845
424.79224626988787
3350.3784361148864
-1373.0101589254557
-319.5279246233679
-96.85396833827224
384.42082473027654
2516.7030242591295
668.5313214786202
-16.170960006753944
704.6951510036365
2155.557594543682
2025.5180229911648
156.0551898786074
-487.97100767801646
354.3537810339997
2932.8597131288766
-777.0054708804882
5828.464614201075
65.28608076764087
928.6888231602476
-450.5271642243804
151.42924441172983
125.86055458921294
-714.7382229954976
-1145.704216192825
160.4901935396402
162.80608180755755
1915.480843783599
-23.451517385678414
-1015.870789209871
961.5925129342796
-658.9118654656046
80.0561901809082
117.55418022093784
1101.6425976657101
-21.77562394005065
79.80215922054524
1622.8624655495962
787.5892206277642
-116.98804557179363
-140.43375053434204
9100.830194532084
-477.7882495063418
1113.829935198224
1675.7476095737811
-823.2579303883476
-32.524909648450375
-377.11590171603643
562.3489646008493
-314.8184242426761
69.21379997744816
541.7287753438155
710.7235077327331
223.77049263647382
5293.225446961577
-694.1820763635633
337.6121372892839
-279.29190602599056
-1274.3730276771357
-684.0182716413753
151.93832497745214
930.8554094392441
-1025.495434487548
5324.004967096624
2454.4380793711134
291.9381965405615
-307.69543207969775
3718.4295022941965
138.68799038428463
7.408864433223357
517.092846832998
361.6700795645946
-442.84187570857705
434.70803264790754
1362.5340282497568
1061.0473858577566
1722.0806374442166
2012.0406917593582
182.79674248607267
1464.8510657525385
924.1415166951303
65.35589784117013
518.2923018341057
599.3024464297735
850.7473649445104
-62.35299547540353
717.9424775243792
441.0645299933256
4483.897360314781
277.9051725512054
-808.2575692885762
584.1984149082023
437.03217682972434
131.14942550568566
-1405.0470365079027
-352.11637071823895
1327.323609422515
-411.86908633374514
592.2786478428103
-1482.596931932735
4607.577190490003
1905.9757286671886
-54.78696796015288
1499.2767642126737
-1151.3521916182199
295.7341022811695
246.5659299174893
3359.6379533406503
-1786.4846331159683
-115.47275470446175
-23.344841464115746
2426.3492992885913
64.63006387792404
-622.5831041679714
-165.77897713327422
-946.3410518311412
-776.2994445224269
1298.9150353829682
-490.5058325890724
-773.8443131798797
-814.8900646866075
403.137429880985
286.9894915077402
130.41274396791312
764.5141031610171
-1162.1586126892614
3555.791438358339
-804.2163851371195
-545.9991814067257
-668.7949128353259
-870.9099258781041
-138.80596663696934
-681.5173894609308
116.71660361028904
2099.0581879698525
-771.0764398533656
-459.5028103879215
349.57481324036826
277.9051725512054
277.9051725512054
-44.31171581752142
1804.7379773631862
841.0714964102465
-68.72735860647538
702.8237286535497
421.75325539366196
34.814894633714744
6685.874270852374
-272.80615712553936
1540.6198668787897
-224.8317860920509
627.6993121078777
-95.71668132120703
271.86209081306805
193.8773693491066
489.0891922630209
2772.8074026227437
1796.2681720905516
-1281.0791635434982
3088.567714520527
-143.52396500860448
-134.29467565470804
743.0053992210323
1361.8695705506498
-461.41246835287507
3923.4111655946026
232.33410168855318
6.994503005901777
165.59947524133827
-343.58260752138983
512.0123456174092
-82.06490520337195
-161.33056639821473
813.9801379473346
-658.899497408133
-217.80348779829092
96.55073469495565
-310.2325947335148
562.2014720276072
100.32154559021325
-1848.99497357367
241.45995729145167
-328.7180354429256
28.27472893695642
37.25768147544724
-220.44027485685007
-718.1270670136118
330.19570959593125
-318.41618022739954
-325.6655334228856
330.7871513593987
330.7871513593987
175.67270273451152
-839.7353795785339
-873.1446259181416
1735.5130393395525
127.33901910226257
610.5556017734356
-182.0822202052642
43.96916271959438
277.9051725512054
-683.4608015638578
-433.5725312565854
-198.9308356885873
651.1990031540556
-1391.4194308804204
3091.241689168821
796.056141999162
-483.84802474584194
416.39206710432813
96.36956624108814
-407.3457071082669
943.945984128472
-163.67365548152384
430.95996796758845
1420.999715071442
-135.19145322269384
229.58972613818634
-402.70034724456
565.5206452070752
-23.41907197134401
-375.8935744442716
-65.364899355391
949.8524379408346
-1006.924919352402
-160.12059895899472
947.061922225157
514.8244751050762
255.59080533872918
-412.50860891834645
881.031283324768
426.5717718258162
917.3602835567476
570.8038495208712
2129.408440041651
-234.79838699565414
-310.4036229422254
2524.5365257668254
1237.19522095932
-126.73264272872711
-271.3603613032816
4138.11173041722
-803.6394811519319
-351.1079996009362
-97.52907409571168
80.18913208526979
866.049834358956
900.1791480784916
344.6161366186314
-369.2231954115275
485.1912958668222
-998.0113481751621
277.9051725512054
-65.41216188991353
950.5275089008327
1468.0439004784105
-716.7372049719897
9348.293547204417
1917.6520443183495
947.2400168932412
1793.8155943358256
548.2945268621618
1164.7117647835155
277.9051725512054
628.4876256501636
-87.82853628171159
1672.654366040798
-362.07467531004386
259.117558992778
-866.8371032618306
265.59654569473025
-2203.3991422291842
-233.0708668989414
-431.9089780745803
-1121.9171455766564
753.7853313538876
-884.1727961407701
-1153.1102241654162
343.57359663758336
-925.0865785694243
887.7695631310536
867.9737495510017
383.288529260217
1698.2703935843656
1153.6051711769567
-902.5988646179751
-11.089414133051434
1799.491990483771
-728.7293847623407
-620.391257550732
-384.61422054615787
-523.5503595302044
52.00106580860259
-403.9060193520793
1695.8935790790517
-764.3188042007346
-777.1774737374224
-408.90332049882215
3264.0862195402997
-80.16686540998677
-643.7584069711809
-365.3037520150351
277.9051725512054
2590.966802572627
-219.52063679751552
1145.8985907209717
-281.4663510913466
966.2737026000738
523.9657043462995
5368.312675817723
-26.595095725346255
-678.5897364032462
-899.9628541226082
530.0650287293028
2291.544001252244
30.668921763566203
-213.5825954454283
-950.5595024824777
387.8782977624598
3813.57427389238
3514.930418627849
405.8211722763998
15.500709297217895
300.03496630580685
-772.3538833177056
233.21573954881944
-637.7738936622178
-93.13158252179983
-650.2813636630361
-92.10405470703108
-901.1083828294163
603.3448523772355
-132.58468474737344
-938.4279518205753
-150.89572141213353
1004.785761001516
-833.4744154392986
6539.387400698631
1158.9511091428758
-101.65401099960945
507.672565870104
-561.5952521222703
-260.309576356105
360.5999302703542
-335.52551132451094
-347.1777835756769
1402.82345928301
-572.8303330182721
91.25251162372265
230.67910067038844
1251.4800972076937
-145.5572276082924
3645.8098165294605
-1080.2224811044593
-745.2979180214523
7284.723752803364
-2145.879160903976
-14.596934436246272
724.7891387837066
737.9560400242677
1031.662886224957
445.9834885986136
277.9051725512054
353.7323809478034
-268.9716791266562
1005.2827754217269
6353.294057769099
1236.2019481797543
-378.84429672401393
-686.6900091001171
-905.8638946280016
206.56461274185438
-536.127860565747
533.7911020332086
-369.0163561904326
-75.45500845029648
-202.0481089360572
468.4645211882107
2139.038406750777
-272.52216561431555
423.59648753121314
596.3421173144577
-1125.896379846194
1275.3342518455001
-241.6132198782027
671.7395189335507
-529.6288295652988
-443.28098548660773
-143.0667127825044
-464.3823616662885
403.7816199390482
92.04258878831581
-348.81707612095397
1658.9366298800783
437.7426754561444
213.98516416823108
1000.0940840847982
527.3999005447001
-411.84431215808775
1418.3465529064026
-707.3046788016295
67.96631738613144
708.6030694216475
-101.31432488306655
394.41003881729205
844.7145806608585
-213.64959822109074
-466.42271889480685
1550.9992282933902
5236.593094491008
1372.0616105250424
-643.8630964098093
-191.22057535643683
547.9662383217403
-500.01440183383966
1602.234372777224
-246.85913114861876
429.29635952378385
-911.7523741332277
-387.9509104335891
2904.5916773266845
-203.5342497550708
69.70946875694005
-135.37392498308327
-887.1146335660565
1576.095772827627
277.9051725512054
-569.9394571609988
-270.8169845156593
716.3715907301921
-619.2120788521289
59.38363102246845
49.010463644499055
-1054.3091459396899
-1453.106062455858
7144.599829626507
-717.7053148057923
793.6586870050525
2120.5959184421554
785.8226637641677
921.4694265952585
-323.7985181681735
603.9557458740574
1135.7534809955735
-244.69959768540366
-1188.044302907155
-144.1268266671936
-590.3726333598686
-1767.5395906426663
-840.6781693686651
187.0854812448065
907.9092571225437
1902.2604072285505
1409.6018852340019
27.580248276236574
-253.3335684888185
1817.7933835995536
-1692.9310928142081
-659.5469119987877
521.066235561605
-340.79779825056835
-379.4677094257994
3994.485358099459
-881.0613435748114
1024.4265087979984
-963.1583640440494
7110.474608595094
8272.290416772135
3417.4401011501423
5772.832008404679
2841.5587927042006
800.1803828597426
-414.8134615011395
18.810208514727492
2104.433156866499
1768.4344078638117
454.87912876376475
478.6097017333807
1374.6809742126025
196.9838380940264
1364.8417530744543
1049.8473385257948
1644.5022649427297
-185.28852944516848
-469.65672891869394
277.9051725512054
-52.23741310890301
1251.4800972076937
-474.55333329847906
-1148.91295256546
-321.66200419401264
59.030366143189354
2135.2195051806348
-231.55372286737793
-609.6820650444268
-411.700415879963
-909.831118560066
-553.9800691836965
-1034.0447858113246
4919.706072908982
3676.6815855341965
1700.9841572331623
-1312.2885080786107
269.1752792864073
-1070.9080607944625
333.50851685196096
1412.8537675226637
-875.3465623927539
-399.1214507571865
-754.3353313949176
100.34397605699161
381.3353748848749
-61.382496158876506
277.9051725512054
886.7831268493403
2218.76991592205
-793.2620779914798
130.72627485493504
36.9670802502917
3912.4538168263944
2812.581536406912
544.1228282310828
-519.3991486472606
297.7103354501515
1062.5716163496695
986.6542053121656
413.11906727868245
16997.15032116956
-131.97992720510427
1438.187745139162
4468.031078783726
667.3070247486218
2029.0181844011659
-133.9310469829648
2547.8643022143683
2243.1315255324794
426.9293487259108
-37.270883485137915
3574.08369462354
-806.68002482203
2628.6796657340083
2682.4558167390137
3534.590060830813
277.9051725512054
188.03803138656437
-21.78518263762942
1018.6118826981493
277.9051725512054
2487.3810491642885
-933.829891615839
-470.9366681369754
421.7664167177368
-187.98289175533364
-741.5022747591336
207.0294751538754
103.65947876203012
770.1367683768058
75.76865945441162
1156.6996160613683
434.32943364386546
-288.46727432604405
132.0386841671486
-197.80088411660563
2246.8966915238134
927.6152332822111
2070.2704513402823
-321.91484025174543
-1106.729937777263
-139.3827014830439
-651.9694699359477
-1598.098986941185
624.0121423565367
-955.1256788814962
-382.1867676210187
-246.67346677482283
-1714.9281115844847
-52.57629951285219
1621.920211037189
-727.7239257046798
477.29141324793727
-31.40112754771775
-511.4964996538614
884.3538846435652
471.7335256107672
8077.361528273639
-985.7774646987968
-798.4179870881578
-639.7659760178035
-867.7536537253068
2091.1388982363524
138.09797951278546
10.162927100582692
2572.5476067385102
-394.4618686425398
-302.51351061631715
-227.48216273268372
-712.5141956246961
-1097.7256823732394
-1064.483617750298
-262.38847602531564
389.56149641292455
-725.3400896769753
2133.964809852524
1210.7967944345855
-555.3480546334829
-1016.1052267936157
287.6755032228516
1019.6016436056871
709.9286106681404
-277.1587835943451
-568.9206394474425
97.44224828985588
-496.0557175184847
9.485003126953586
-777.193160365236
1493.7041843872657
134.8040501395534
1145.5547777407928
19.7429914651147
170.26501633214298
-812.2349932017098
1281.5975784294587
10337.775553671421
2267.875193271795
11012.564853321494
4469.687400253995
306.67879627227103
-1037.766855201778
-1268.8626723560185
-131.85417763804975
154.13200045774244
-483.7416590703401
1588.220579099146
-620.7606193295638
2256.3364491435423
1834.9023807096253
1027.4642828050196
3910.927497343665
2044.809606053304
5249.605937959357
-220.0284712346322
5005.960236242458
-561.1266538625996
3813.57427389238
-616.6016503469474
-585.9494931663259
993.9937981394831
26.881374698355245
-592.2474156283644
10176.971226859434
-246.22446372671902
2292.2373167072055
-251.72818937272973
903.9802951334797
322.05152962580394
-528.3737202353676
1503.1054076123037
2220.5334260277987
-799.9264559428084
1143.040982917365
1623.0633110407666
169.56638570859735
-9.762573365417609
766.4859451579653
976.3283909349806
860.4737399849787
1730.9989252246216
-634.5135038474984
-678.2574248659864
93.96120287574516
-1032.941792197228
197.0624902388834
146.37133885372486
39.06544153003841
3769.577815059308
-145.73096846357532
3591.9474461927784
1378.0201197318363
-104.82451377800783
445.36580305488644
3940.1679072900915
-1467.5389029427035
-844.8093662651318
4331.558864029162
1188.0588107502344
3977.1921794918553
277.9051725512054
-922.9996633043386
732.9615096458047
2632.2863859589716
-193.69066973425026
558.9398428230083
-494.07138965314016
1989.6673264450917
4321.889246269586
-163.6193168043077
-500.97560368640484
339.70923964661336
-735.5668895652965
-784.7168036064402
-100.55715931277359
-427.95945319393843
1526.4996763818633
-2350.1773913937736
-1823.0034737511578
-177.59923467799268
222.0528430124436
10176.971226859434
266.4630224753446
-983.540042289859
10176.971226859434
2688.3220797963145
1815.1470803200275
-432.3653602615577
-661.6410809652317
-1236.7930245038726
-421.0243870969962
1738.0460085726775
491.92250511647103
-797.0650405106487
604.138548998536
67.51044728482006
1260.772024703921
932.2066119741663
-424.2543566818131
2471.676586901609
87.23852822353933
462.45258861012377
-343.23507697972104
-690.6840235960464
-372.57834944823753
204.58837478401915
38.68054800850001
841.9538931663797
5191.018522768937
-558.8846674409258
175.1310240532025
-790.9912004565488
277.9051725512054
-194.70247025221192
-1617.5641346038738
277.9051725512054
1107.0462224300077
1909.4564450335417
957.1635820717249
-15.86800845057212
-479.5278051661164
-139.973177814116
387.54580519456294
112.83702134613273
5191.018522768937
-251.3300349082548
28.633151577397143
1635.919041326285
1546.2582886549822
-36.28377518019818
426.3267695496728
1841.1429285327658
484.2688112004224
1802.1375734172311
-647.3036199092961
-913.3926941494735
859.0049437850806
-675.124155546192
2250.8683723456224
1838.4803584697156
-756.5623937990008
2078.494045688952
-232.26057903561917
-1226.0115582040582
743.8868299179368
-346.62557568092006
-1236.1383609030247
-563.2792153750524
1295.2150113529292
-536.563316949506
-352.5789227578206
1053.1594752255705
-796.1817755081511
1983.8309808459944
-231.55372286737793
-799.0532936701622
1721.1385859178813
-42.75055134246526
411.5059649793411
1366.3763356181034
856.6345446286532
-2258.4002549718143
1509.6816386990479
-260.3389865750869
5304.443211934873
-210.9454540906856
394.49181334519056
2059.1875811612435
-49.39352752283088
16.260071059934603
283.277408884456
-394.4618686425398
-192.3285003602092
-835.7946437576798
-1192.8420118036884
-1088.624809269049
1097.2973192596044
-527.9861145950883
2797.6038789195636
1277.66310991864
-336.57909805701365
1587.4078095074417
732.2851799621715
806.4045095141117
-259.437651959517
-575.107929317382
533.7505154160813
1759.927278205277
8814.500687462072
6596.992974762412
276.980056771937
1490.625055183634
-204.98027934166464
913.0855100107683
159.49843924584184
-922.8217570598185
-1339.5449931328071
1686.1778595013975
5050.232526092579
-1528.2619811996299
922.6871834159516
310.95053019779107
-257.83857557016495
-392.6770373093733
156.66709637785323
843.6116324351552
584.6055249633869
10535.411903364105
960.1039573487976
1524.7568341979375
-779.93482912186
2343.227755369284
1625.0625840150565
308.48377939565705
-284.1211958250459
537.497962268121
-904.6131041401486
95.63540691622507
1768.7700693161448
3078.8388567257152
2388.5350823793647
158.08342645245622
-763.306842441797
271.84858167520036
2601.4433883568126
1624.1613785136337
3758.4306329758892
1225.343487913823
876.3463710293131
932.2777885028354
2017.9061555971625
-638.0878535344658
-916.1260351089932
1771.6715240376097
-587.661933650003
-630.9055279318184
3724.5539226630785
1478.1739302916048
6077.9410827316815
-361.90667363139937
1165.6223329397421
2185.462890731398
2295.4763073723325
548.4077792762193
-1245.4240583483866
-42.0571137812687
2642.654444047191
-701.7794271274178
372.0655585112387
-1067.112606370699
-512.515442013198
148.8295389563485
418.02531968325064
-936.9704380922519
2002.380181674354
2905.1948039942968
-276.52687320257587
2464.1354278867216
-383.35597047559884
-584.3868769794881
-91.5472262004293
1563.5983813419296
462.90750398623766
-323.41578233678206
-623.2064887564345
-574.0805022197762
16.797563037936527
622.5416078852658
14.51110620860186
523.1117208148584
769.4736834189309
-655.0440351048318
1691.8076903304604
558.3922667142676
-669.8187853113503
-808.8692312961493
-185.16858632880906
2667.5494308389525
-1022.1496179532933
277.9051725512054
464.3063474315397
459.42744928405943
2890.8704325754547
-1471.7246171126526
-429.8272140711191
114.09271277888473
621.4923510708608
277.9051725512054
1065.5936523233122
4723.99893254139
552.4069487346669
2044.8187187350347
277.9051725512054
709.0107932660676
180.6469641874594
129.13802852173626
755.8117766909525
-1000.3310728075398
-710.0048129023337
-925.110502005788
-1542.660760824323
-525.5445193424075
-952.3749814330004
-154.34812188116746
330.7719966343981
277.9051725512054
377.3415801270165
-127.49567155538114
277.9051725512054
-243.24214521397482
151.6173088108963
153.26905968648063
2401.957028644706
922.5115105319788
-998.822765328011
187.0888455649012
783.1951878976633
1263.500265656877
-453.34723740813183
585.2147260731904
-500.1942064765839
10592.127328920355
-187.94127133885036
-557.3369608280168
-411.3081176662863
737.3611113601253
657.7595106430995
2381.314914798354
-639.9109060054902
-485.15665724077746
-202.51594716176862
1003.681892398982
443.1152158544015
-427.28839926056526
-35.55676112366382
1685.7359591872992
1352.2877265841635
470.874323557858
-255.19649681160934
2194.673037654484
-81.55703579923454
-1050.3023652538106
-569.801417671112
-39.835827388801306
-555.1770417458067
-1487.9113516229888
2914.9705664358517
2247.7472948920667
277.9051725512054
-565.9710171735712
1665.385864732755
798.1804659572756
173.5154239603167
238.64903971993488
-962.4848101151974
-616.2856947163305
-506.2616128925488
-63.750903892645
277.9051725512054
1139.2551200544758
-153.43343500851637
1.9148420936537605
264.1933259485463
550.0001771039391
477.0187955294996
-574.3362622294765
375.2320574620679
539.3319875925265
1969.3186862815573
-690.672682408245
171.43971069242588
769.3473901265701
1195.4387440373614
-770.2199979944669
595.4338098626495
607.8995207178027
-416.73163857657005
1655.5080396671203
-368.604248678456
-244.90254113824437
5788.038960796449
275.712071574814
-171.53870921249694
-663.7015655396177
1169.1325935200252
998.9779024301617
177.0004579044404
702.3582322164556
126.46075203741492
277.9051725512054
-683.089126900598
-485.88280982231004
-143.10818055404872
-202.64297897182774
2271.496434175963
1557.811811908802
1122.8008436881164
883.9464044777723
-914.3945071674239
-490.11064007780374
-604.0429560203698
630.8078064026372
16.367217851888086
1441.4060865857655
1173.9806211430891
-817.3500841074142
89.73280432690512
3469.0817042676385
-367.9089809465247
-112.08420005360983
1218.7237152061603
312.1791550570912
2776.618723714422
-777.3385566216532
-1183.6382952821937
113.43139821035516
-348.76859681198243
-427.94413754176026
-803.9922160390329
1012.4605538150433
-29.422461283287248
1964.0200887843591
660.7302316800294
1189.5808465572245
-415.1809857861674
-47.49186195681909
770.7510316579098
427.97529997088793
222.74845875952036
1004.9097773964343
-568.1514977232548
-1628.4234345265363
-590.0229233610971
-4.00001471465896
2490.188459793986
634.4771894181192
3637.3277383497752
-347.1772819268091
3447.862255819424
607.618410053864
-519.2850368751309
23.587978926478513
-77.10316212569239
-1034.9859160540864
-863.098186464614
-1604.239165867103
596.1242731348082
1119.8780247206728
1370.406857201743
861.882664688175
798.3790434504316
3564.006212526645
1362.2762579522514
154.54237013091756
681.6396828034353
-808.6815230399593
530.4275649209552
47.35710716494444
2867.0423691469978
559.0228426655627
130.28684813843847
-489.78873614334816
1930.4719979944764
3569.515797367761
286.2193467260552
612.354230590083
1291.6493279982915
-657.189847531749
505.69339882048496
2500.672925518411
745.9254622070638
-256.0566019327696
510.83054310419686
2167.028478503914
96.7525029275264
2598.6516782130097
441.9203094180333
260.05198846069504
765.7968864058178
-100.40449298605807
486.5929426680276
435.5007509453121
-934.8845247460249
1292.2441928753299
24264.385712634394
416.4663512687649
-392.06468182472736
60.58305982663495
687.0613346309428
-223.40421855060754
1202.4591375740106
-1561.0859473319065
404.86938695113525
1127.9259799283832
-73.37235376483198
-482.0962550267708
922.5738814136843
2076.2455959243325
-360.66626210992547
-1150.9569004869886
1234.784834394542
446.9133280050246
133.54094853796394
1922.7158958390821
-734.6580297631565
-536.6422232904247
-20.628590502537463
-340.2135570704322
2117.191014630851
853.2215346654593
-1029.3039450968322
-658.3393082795196
14.997587455633209
197.15112745280481
790.3996887809525
-751.905719173345
1644.482430599787
-74.58624620607105
33.28916140293552
-74.58624620607105
15.500709297217895
1581.2994360842551
1819.519107971454
216.64839548448754
2254.281134773576
-1063.985114546155
277.9051725512054
970.7578907068538
698.7471315330114
368.35403922217415
447.1736758230731
-637.5529573145568
-601.6106125626767
-968.7363681343988
359.46656752898696
1004.5664814334266
-528.963005255753
277.9051725512054
2781.8153632680437
-787.4727007987824
1191.0109450050593
5130.958768025581
254.90560234659296
1023.6427943157844
-916.7854534710095
-114.17575426220048
378.1482385167763
500.2447230034141
3936.453299881024
-3.6516173447764118
-492.30530356218105
-658.3415372242922
47.09298875596642
1932.337637105735
3803.562780008723
-404.9197028268229
1578.3551173629053
-1115.3732189779594
276.373818327631
128.99693723503626
861.6940555532599
-693.7624997957085
-1495.7033882263975
-525.0561264428163
-447.2726255946735
2066.787582634725
352.1828573428403
6676.11968550843
277.9051725512054
26.37705198844725
-162.80220208823977
4399.429755633321
156.5707806424349
68.50900460796609
277.9051725512054
78.92472147011955
-458.23381022285537
-171.31805402308197
124.28832201567457
648.5495632403121
3105.41721750511
346.49889852056856
-1362.2950818832428
-511.6359816386397
-160.41114639206535
1457.734492875444
-305.2548256135034
630.165645446433
224.39069425231872
-2.982613011811111
-834.8826255644251
298.10943732828497
1299.1440010492688
1079.6816429372002
1308.9754257948075
2237.4855827407196
3447.6928833837164
1580.5806813375261
-582.7978279846079
552.7651779877333
1381.9756590589218
5792.263587623006
108.23758308055235
277.9051725512054
199.39549802381575
1878.8629471897973
-512.732958039702
3500.112420310982
-683.6144250537868
693.3981117976571
470.82707357206607
-482.5144439202263
-806.3922096227716
-47.983304526679376
-350.53899081138184
1981.7736821756089
3051.203374017772
137.68015928275165
2322.8009485420066
434.23868701221556
-442.85517090120743
1139.1618404474775
-395.58477043680966
136.48413361088683
305.7500543787148
-814.0584070988045
2934.8452547150396
1397.2467575756746
877.4565064126411
563.9344624396525
66.76167982801962
329.1950119340803
277.9051725512054
1349.5376562868169
277.61798059757496
-1181.0603737039767
-270.0147967480473
1557.1204273674125
-263.760534880302
-96.8978966403111
-157.39008639998212
-814.3215393308756
-60.8077678558667
78.41921219979764
241.9181224524201
728.6359761045079
-498.5117023017756
267.19379589868794
116.54862843191705
-121.73888813019516
1876.3957137907717
-274.6898911931082
-167.12713396411084
75.2563300522518
65.06626699019677
-119.88008530690979
277.9051725512054
7581.734396080534
-2112.3297736307645
538.8148389888065
-1555.0296488260105
-394.81026490390116
3966.6610619742028
2268.3810325834334
-478.01088611099476
-255.7584841061614
-547.2574678682071
297.70499253321464
-1101.4797823950173
-631.990706399982
585.7552676931884
-2539.7008584553873
514.3376449696447
2980.86649143885
122.75138467759444
3056.363751366948
1615.2713305878729
-706.4734130687032
183.4684248296598
-287.91259896015856
-142.09405293126338
928.2806850214631
-344.75393583664527
-1796.6310633717198
391.9085194081123
-204.2030253222331
-1543.5381289646327
3343.6203551344984
2836.418057389325
179.27015078121667
1296.864989318603
208.95624295229737
-1166.8850953078143
508.6689424300926
3637.697258696246
-244.98856211073598
283.33027584442283
-386.5149441408828
39.88387052526713
2210.3071375182544
2554.106575878086
-879.3061724226359
371.5383974117458
138.2399802921663
894.2258268624922
832.9023015537753
430.7370712526531
209.65671441638278
248.29976306400303
-606.7476801661444
-580.0608966787383
18.150575304782762
579.5069237632242
726.4541478031733
-1347.8911605655512
-199.03220360838787
-1047.1865423151526
-1549.7475331007827
462.92515957825174
-288.7447849112863
-230.80486736078825
-121.22797719249024
112.44779726278497
-622.0430811661674
354.52861758242557
13380.261334006931
3567.8526404176064
-536.4545016899533
-711.0819870332814
71.47869592114955
875.9036693870944
1049.2349864038274
269.5700652862206
778.9308931889193
3550.1257221823494
16.260071059934603
1228.6068505185217
-857.2385020858746
677.1530948776347
915.4453820448946
977.6703262634823
4499.940629468027
-2.212296729181219
3361.013121582796
1904.9892315583866
-777.6055459368597
-227.67946503384405
-458.24067940439056
1127.8619965058033
-722.8053479636309
1197.1826333146805
1628.2615177202813
-792.9302381064999
-113.98166347707871
-163.70017812552015
526.1340502018772
396.98228519194157
2219.648654073664
864.9001207038206
-1725.408848379408
-52.17023637077108
239.1390646453075
-30.051963470767134
-517.6813500142249
78.46852429518461
1159.4161825951307
189.57637393826099
578.6828875631675
106.03646412728924
208.25018661520127
692.3814677062228
1392.3748192856124
-691.6387164177575
1456.6723811860186
-995.8480785225577
882.0486337471423
-876.8464306658443
1594.784027564332
2366.255564733972
992.3308132833447
121.95362281431673
426.426638333779
247.96272778194302
1578.9180505773202
2455.7854592809017
693.3821250636223
-650.7014219170167
-55.472804046769795
1159.639959047057
-758.2568257552384
-297.78745352334204
-282.2917715048367
-1024.7559323962407
-548.2138954296704
-560.5391720494337
1201.3549780307023
-120.03299213691383
-409.75719573714
83.45825171880733
-286.273950576291
1951.595383344375
7829.79357790611
-257.0207622422206
2281.227950024799
-659.0810305126926
278.6268965293983
1154.276102615428
1103.3983831882567
-713.2431929213366
-402.5186627026627
559.3614301540521
195.0504445124705
4642.903185712623
1143.129318515354
20.274545975611375
-655.4376032527371
-377.2531687503538
-107.39442055998052
1301.2640072480067
-451.12610102935116
647.4036156710943
-1497.1697945684812
1018.0972474063689
205.6923921393354
1958.14485659837
-400.7615065628313
-200.16834893800365
4.077111803438754
-838.1381845905078
-1154.578677301167
-568.5686848036958
1179.5676084951065
-620.4539027445176
-110.58961183314523
153.85077766258138
-883.0156317839817
377.1015518982153
-274.5674816698797
-815.6331592613406
266.2362844294221
-293.79134797308643
2721.9538173700066
-572.0314304578421
1913.0876679980486
1069.1070341679044
-664.9850750082663
-603.4509163480482
-290.77408352279633
944.2626432299967
-133.93968569929172
1963.1935229172625
233.58025482041865
403.4260343127637
-293.40292818162686
16.367217851888086
1221.6914253684408
688.4541028025712
849.1565743126831
865.1981177977757
-786.4852320685038
-2301.6212249104346
-883.2757973792022
369.08139944254845
2212.254767857277
1647.5603925308512
-944.5979646293731
1118.612744901156
-56.09003181440886
-243.359579989184
793.6586870050525
2412.8451710362338
-76.11851406389354
-542.0383431819458
2173.091972481333
2044.7100475989669
2088.9108809306854
407.7914088771744
44.12720749167906
70.5198615810522
626.1726093802378
1566.6638586400545
-265.4080130429427
881.4645951883115
-85.95493580883914
2474.7599072227695
-976.6732243829008
305.6940438056614
709.4948985109129
-475.2285220327378
-33.45839835598156
-435.2137499313426
-191.92889581615884
258.8979821180609
-14.464579740720524
408.72031428962106
-128.27238929988823
277.5285339873276
277.9051725512054
277.9051725512054
-1040.6944300076839
729.3871368696713
-1479.933380270114
2514.6291644834723
32.83257711678266
1257.4606388254206
2981.5543370463706
-506.1396351566499
635.8342104176381
2168.393183434243
2088.12243664594
897.3769723405737
-631.0612123747833
-23.172981367327907
516.3156416054155
1199.7784400667165
-380.292055354327
-254.07082833803975
-49.82549409587568
467.8924184954541
-595.0280984434019
270.07984779482314
-570.7971058965109
3470.179507289983
-150.50375234302157
5508.715076697532
-12.240060818770075
-200.8954537519321
3164.059186117167
-1274.1397671459963
-365.17227212426167
-570.0464352857721
-406.3582466848186
-991.2983144173277
-711.2023274644545
240.9093488408724
942.1398877396502
-625.6904158672969
2938.7934363897953
-114.96202488954538
-463.89720347917523
172.6942959060605
277.9051725512054
-493.0987348069907
156.83098491011597
959.0117715028916
-75.94132704804633
-924.193555892218
954.5698252817557
735.6577066156422
315.6725614041418
-373.8970057804909
2753.3333988752047
2153.3449035818003
-1258.7871181978114
99.85913389083368
88.76147604161619
-1244.9603872136136
1145.5824661091754
286.56799228621196
277.9051725512054
670.0712612429036
-897.8376810190632
-70.66464414942152
-734.6652079907578
5895.6854358670325
-136.8680561915877
-352.5830843523146
2463.319744393701
-403.85468295512146
12.214738374164085
546.5858194329503
1604.0292769331127
872.6245322940802
277.9051725512054
2687.982729229841
-1245.9359662411632
114.55866064780804
1380.3194694984136
432.269645262679
2625.2529192950583
-1143.8133235638352
-15.581051559025468
-259.5207679032403
783.1951878976633
-778.1817720055947
354.55140807004807
105.01976065075229
-146.90654808665863
-806.3252971477805
-207.23950920624384
286.6409167655307
3765.636145129871
-408.7254808311518
-1540.1909260071266
-767.3399006135633
407.37483780715615
1618.2153814124092
2143.3945839791977
-136.93775308838934
-55.983499659300605
-583.5945568337089
-560.2754940471519
4045.2849429415946
1887.4559863881095
4468.570563360112
-980.0297444211462
6.339896353363315
-486.2400058397433
1039.7694422939971
-218.14599780343616
-111.51350148141972
-381.57470538761913
276.4660978413125
2511.016144136392
-185.17522592054564
-204.87061396450548
-464.41484113634874
1054.8231869600581
-817.0961306816168
-96.39412009412348
779.9131714335199
5994.471486589913
-75.83084357288448
-264.8884669548512
-198.76225690285793
170.65051580234265
-200.5218192276269
208.8001019629006
-234.8155707167084
509.36915502252305
370.9172249922236
509.0594589371808
2248.8678470787877
-798.3321433855424
53.54880998630338
2712.0263214757847
789.5199054582885
-736.1608256005768
-715.7587762967452
-1097.8044837661016
-1231.3172054848344
-1.1461642601686322
164.1160110443289
359.74304521583963
1652.962380843243
1057.4138591121214
1327.1373147495526
-319.6189497939506
759.0089491584523
518.9096281766955
-561.3477941850912
340.9760675665378
642.6271306727325
1850.5407074875893
-1653.2481757208852
-369.0163561904326
767.8445248190953
-550.3657966647015
-1845.0836686308808
679.0732655722111
3221.3711207045603
-1568.4938300220385
-1600.41257878254
1679.8614350635632
343.08104579897696
-1201.1102226929588
1903.571795306336
1140.58337072003
-1226.649516011302
520.6292164478219
54.99744692223922
-432.1411248396703
-184.05897534409831
2332.6730522466396
-443.21430646215674
83.2517296952503
-57.572783583236685
2489.0844111883216
-987.1850399937593
-1399.2357340169547
1151.673123135248
