-524.5229788849518
-154.85520360513715
1062.617814982445
76.3630596017548
-271.94634073739326
1858.9273547704165
305.0350035476097
-226.9998338354717
-827.3569278324267
940.0192034752749
-108.72953421627562
-169.5329751332074
3726.4040656216785
-198.6488067165783
-198.6488067165783
29.023597902912513
-423.5334607437203
-696.2367190971713
-849.2872705052116
238.29111037638523
1235.389229872936
253.46897630517321
-348.56021538117034
-246.58311743678132
609.539025559399
-417.79820477547764
929.0967876509098
2688.0516518206496
-537.7639141763799
279.66794962060237
2217.752207504648
679.5324766353374
331.8149189045274
1185.8847600491872
1125.7461408901008
-774.946221791733
-357.49189062111714
1233.9071918899458
380.5455177157669
1147.3005500252355
690.5301608398102
676.0035692498125
-454.3810309850837
1369.3945697281479
32.824357352947516
-1368.4488624064572
-1255.160190128269
-830.2070414100588
-157.52745271871402
854.6636111391995
45.53426107416283
977.0033357873602
-367.0190414088761
1781.0502980657382
742.3833147523429
453.90319956545625
2140.9780508790673
107.72436087608253
285.48839083505925
-56.02188009521592
1434.2436554341778
1378.4666876633376
660.6491207950626
1734.8916174304043
-632.8650025503287
4167.513704034568
70.50726324262666
-302.303809334722
1905.27929217726
-1089.702173837843
156.82454996396245
7286.072985977977
7.066754738895497
262.53179818539746
1865.0257076467967
464.9560945537047
1329.4746910954996
727.0291143401495
-392.8825715206433
-100.04686014198478
-281.75187682143826
-432.22645518159095
585.6305493676805
