44.39504848300585
46.492777915532216
-4.069702888009722
43.06018854420639
-2.3376281969193826
4.684986220842852
78.25997841451618
44.32385690555081
44.84545285887472
-18.95274539889339
18.971441311848068
38.60085918302927
13.75589028351331
59.859729512531956
11.564683834367806
20.78028283812469
14.861473284255027
22.319723146957493
32.36660111333433
298.65012831280234
33.277160604155235
77.52539877572657
15.520369268246746
11.137080369094143
130.92312305454615
51.45001083419431
77.79315869780808
32.27019126392875
12.173076596810738
24.603587558999635
49.92554401674807
100.17203796522158
13.863524784939138
32.740861193276864
143.16538252067764
99.61567917692625
68.55673147397107
71.6276998158393
18.977914485868453
18.977914485868453
18.977914485868453
16.632116468805236
50.96714114531244
18.977914485868453
63.881524215404596
1.0208642400486028
-29.814594749491214
39.509920087442794
98.3621437620468
221.36793435683552
79.68997536642556
23.550102478041254
110.14373760838299
20.045777154982687
33.24740706635407
123.78916412275612
22.111698958205046
48.7112686635292
28.311129990506327
37.07474140405093
37.200983034207
158.5706180538022
18.91396711291845
47.48882867578478
12.067982715493194
93.47217515600953
11.11672480416479
61.51094160869516
201.12199427337552
18.699409394477144
71.34245306657071
94.75541095268683
20.695165799481963
57.423859730978215
111.20669638639419
81.53474847184313
53.929628895031456
52.43185841185957
-5.787077278115007
31.634133990229515
9.638720456953166
27.678904435618037
11.563025646112905
44.15169709446032
0.4196055888865615
33.54017010777218
38.46953157282471
74.36257570379736
42.977091230601985
9.242069307318317
23.114034801254483
98.80007037844985
-18.3140437369263
20.669615930530234
33.27926203899171
33.27926203899171
109.72707711359183
33.27926203899171
