30.6353043750493
22.724213825368025
315.95523914622385
318.1256309429374
-36.17972511358195
235.0693103577952
243.41982024209813
-228.8246325036833
377.94840447725926
85.7762433824471
682.2508074985182
65.5501112171397
341.8173534686039
848.8544744417089
55.2371216726536
-108.21077316303439
31.859393640907932
499.46312532118964
879.4968871684545
193.67779346629138
178.26767736449895
330.2611655935262
455.40329379857036
578.5675821436096
186.8742762652584
312.60130205498115
666.947230609448
290.0453138393135
290.0453138393135
753.0603461184211
-127.25331481635482
-12.504795477417687
-139.2818337836089
34.68278491179389
333.13130445211516
1.3300233103507253
35.5736690580971
-195.4274340844721
55.129629465343555
133.7692348713744
269.9122823424366
-74.09404191106867
94.02556840027503
23.570996665872954
-55.357919640350886
-256.26046963801093
33.11832341093452
415.6185496062792
272.2085880714331
363.09917125828014
430.03580317156366
57.14953593110961
37.17779437426605
46.88824135045165
360.21291243530254
74.52546571093066
-111.63863437599224
1314.267205476594
379.8475254542834
7.730452203129886
-10.578035382066716
132.9976631492582
401.4107544055328
147.37172720326632
860.3311488272652
89.93848302554966
172.1456545751318
638.9854898651909
235.53756005594374
94.63385734947322
334.26793980442375
84.35731257289902
515.1779660872019
384.0146183154936
444.083859770063
202.2517884796748
276.6722144369137
365.4388032573924
-81.06375125637393
-245.52575411569592
23.194535146222073
511.5212255119032
171.6409517542665
232.23714405662682
62.510781646154285
-100.92623951322622
339.6350945895482
392.60703357361615
253.39806895061923
-6.387928056485293
151.13517677219977
271.3951327224673
388.0741060611059
56.24451259960008
687.3223441408986
-105.30533057918694
377.91643131044896
-32.18345952412906
255.24683385408957
355.16042465723825
-63.6356017695131
-2.336454308639034
4.692128497799047
551.7967546346981
-44.40853497137337
-135.9339391033655
805.5267659280623
748.1206885105636
293.61394884239024
-52.51268112095434
93.8337490169102
352.4834352568622
-12.724098794766547
8.546593611822068
177.43796138252566
34.846933260745686
187.33586328551235
-77.29739256066546
252.53899109218318
289.77672926104907
478.6090536856828
34.99187263562817
278.8574984550149
54.99471538334446
148.1791073032308
0.5961923819344435
589.2161959298677
181.8418206643026
298.687226535737
-67.07364614138265
375.7929329116198
-8.323573907402505
-126.67811898053074
-53.15216410644385
1012.7082845852857
24.39899213688598
41.39447773926673
57.60766332858847
171.32252734886907
514.7620598413657
982.823314949734
176.1809861808701
993.3317815396513
675.3588303067025
139.73286105449216
88.34273855713607
297.9748148399575
155.78407824441047
-197.4534572656214
63.4420408780305
-134.731913283704
203.53626316136203
108.94277251087127
-309.2120221112731
-116.82464000950753
-34.920077281504064
243.40370619097408
768.5462314350669
121.05174836561898
558.3366571869537
296.9746381761693
-35.23941611407763
415.80571623448463
-15.932960148650295
893.0040855144787
945.5961347087475
108.6152067210451
-232.35536710866592
399.1994200683219
-345.3150379489829
586.2436278977249
-165.22726744351405
-104.21555628646863
131.26113089255244
83.78610447945641
225.22121373550263
-148.66397632311765
90.66882492384923
1474.6687555092312
50.22840266088079
-230.05616666956308
-523.5917102454337
238.67204118064925
647.8503143720037
210.27599874058637
121.92138190088038
54.55547216756118
-150.7863661747548
100.71360482908088
-19.629494804440824
-408.72226121149106
-8.58952572339885
548.8800324042028
125.23750136694144
-79.63098956239918
38.94840730838335
-7.773547197729059
-0.6811834924054949
565.6025547149704
59.32504247205465
279.1286376439255
240.9893839714729
255.24183858569705
-66.57147563920523
424.04765581776854
283.83509699876254
230.5319215581758
38.286036726937276
270.1411758622571
269.26974623875435
-113.59749315204556
172.11221498817508
-50.124379366971766
297.9727649561667
163.72488202269312
463.1895682722266
443.6567515555348
987.3568248848319
209.4621638874822
817.8840792890745
-185.96630220485474
721.2265914177891
-169.10043848404982
806.6624308266078
-63.11784216663614
373.54600588308267
-294.45564465993624
36.293868186127966
352.85784984113695
-112.82526386004974
350.0521454477558
-39.63932539736419
912.5182926057032
-211.9820544687268
-82.90212117460106
253.8827027758789
229.44693528794906
-16.963369809644618
-105.00773159602576
43.60259229773605
375.5925622327998
301.26692305352833
100.328873937035
-52.58833178225956
358.2178214743284
-314.59781638062833
-379.3280767247742
15.067440417855778
339.47067507440653
476.7617012956577
-207.17588319729907
-90.11903554551941
208.9650914506548
810.317337708658
105.40523574579422
314.21979206045046
408.93626473233104
123.13979973537982
-100.37735508592198
-89.42458267735762
-20.117036268496506
20.16175930273657
-388.27232184659186
1201.5719951162155
315.2715678589018
150.6349605263514
95.73276879146945
449.0953616122237
627.8843653253615
553.7146190419976
1067.6221967097854
-129.8785419468072
-175.90320271995512
25.301056927035233
-295.2926773996184
1833.1129788166286
265.48271657926455
185.81670920991672
441.24056186504686
1212.1556927215393
-102.80270230142594
356.72840693451883
17.89233119662761
511.8939944446778
312.9837520820607
511.6460748856131
207.05960968221845
682.0255850633332
198.8227081897968
395.41010522540716
716.0472161820022
224.07754940080622
-226.8297142582511
-5.92491414706214
-241.54555485047274
175.67453855199082
233.79141993447874
45.89190738194081
446.1616740999016
223.92027541762656
144.99566623545758
51.33343279220095
259.5130136447109
350.2072292982833
588.0335914591973
278.12271934849673
378.09301545196644
-19.74697622848427
260.697452115289
568.1030515519299
17.9124353698235
109.16685472171591
496.8502125313742
2312.3987471141672
772.2967421459291
-6.05882828203741
256.3809546487111
469.47703710810083
1202.8500242686164
-107.60049014045697
127.42279063348153
450.91386314594394
370.1107714107952
145.6934823213174
88.67561526084427
995.2547387676026
-35.741415556999385
-45.60190095525985
817.9959347319879
307.71340398543435
114.3138080486445
201.3596967877903
165.498141104797
103.13772418407387
-40.68971269285488
426.53693135596194
264.064551687497
217.13328224794202
-85.89105276922768
-222.43452282989415
-309.61802927192866
-110.28193625366518
114.21672170484575
44.563567746171124
227.56844180415646
244.96070177623352
-54.361880939110435
88.44262099176127
8.94562227045435
469.9919698783113
396.01310396872356
716.5292917629156
-106.71981078240307
259.3471331043013
134.38407173753055
132.09428232439177
246.76116435230415
-44.760612743068975
66.1956699541696
500.1780647035443
167.67485089121863
664.3467432111325
515.7042132170511
628.2182988632219
-107.30008582507219
1257.6130120681787
331.3798992721561
196.1244092106115
1423.5576760247172
235.81009428542365
476.9309454531584
172.86831433392678
193.36807538199147
90.10124524915702
-43.800546460809656
596.6302617650656
-264.8293554254577
956.5251177001865
345.3107392453645
31.665884642627248
-38.67061448701338
118.90587656415514
433.8404412388379
433.92702895326164
89.2270327032617
-234.27492682229894
608.8636747198998
160.93758927612805
34.820668535827984
66.1956699541696
382.2562760243352
1222.2458276989842
493.6311736829846
-77.07874636112263
351.4864958116636
536.6028066851613
563.7900938747223
-33.49874129824806
-475.2104379665668
291.0552795990588
-71.72291990383496
701.1300832836163
58.71086200360612
357.44436207470517
100.34085614712934
1020.3361700698136
647.0127731062655
636.5856259115649
319.3920537946296
-97.70524914966029
5.651243893388312
312.35272099081834
181.85446516440777
-167.59321924097918
-205.53987528407197
526.022446019246
2058.0293081030154
105.74533679560335
357.37529004186524
25.17294634350381
-131.05412437552835
-217.80862855515545
357.9813389549596
491.63827095967946
2070.283078409815
-57.02184570351314
192.15473085235413
-154.06047139637514
-207.81026807925667
192.71851504483087
267.8845854252523
69.64064371830432
716.794443108569
-90.64615960535156
-282.0797609466644
362.97133611761654
-70.49068569667918
327.77626224057684
-250.06210172131227
328.789548634254
329.4701065620573
415.19160509697446
93.62182763981212
510.56766873800734
336.60227285212414
300.76439809520366
-14.799836315379082
-0.028621245385636485
215.46149681349362
-173.8676069942339
-23.82898334196807
528.2748530894853
-23.065552662102675
11.683856674897612
242.75642705930758
34.77319983892758
-79.16552544279818
-267.17718678203363
-61.43099925781523
-231.6603815212918
287.5198511548139
448.1989992250057
386.04997784983647
-136.46375662759831
-257.31894345366953
430.6376636880421
170.60744467999584
639.8184531406333
87.03727419063772
113.79269835651024
612.5541501391139
-124.60272072212902
58.61119267307326
50.9894008604995
360.383455182612
360.91182510374034
447.7253487891858
-172.31398459194696
691.6778616977457
-140.80205520274984
431.9597354042925
-104.61766389481798
253.7475344300654
287.28937097031974
77.25820469591207
72.39007216063303
427.6968487622594
70.73814060659598
-79.91975777311606
738.2118993061326
150.17331862632932
40.97808505815058
-244.85529436569868
398.7174576658091
525.9474245797267
337.6235095299495
330.3902385459311
227.5907462271563
537.0395121557218
50.95729314754536
983.3949574561385
-179.22550923709275
531.4847534340871
262.9532870431141
136.12321630129867
-19.83513954225478
-379.10820825287334
530.1337966258518
73.36784059354451
285.69692922326453
-20.527564703765307
461.509824873277
-20.29975305770671
376.977009635509
443.06272900502853
225.144128004182
-18.15911090963435
721.6564813492263
305.7262395122839
1110.8185419059691
215.9360214397522
60.079951419610445
84.4463451541234
-170.39633509283257
-94.0436632587382
322.0516661491924
207.27589683008244
117.31289607676997
156.6266600319085
-108.4527748834777
853.1304219319155
0.11441236048672465
326.11054885427086
620.391578016157
-253.70842914180673
225.90644688234005
-127.07267549103167
-248.7288101869094
2302.614591533014
671.9421622673312
42.16330918648697
91.12120219423844
545.3174687950773
43.43328237278654
-156.70951172745583
166.65819106689833
186.4691894235504
111.85060692598904
1.7785843046065395
1060.348339138291
-166.7800298523354
148.11484470943861
884.7012538877359
27.315416049170622
613.9914199744859
16.34534762562457
79.81707930348077
329.7011432098925
704.0192004990888
51.6233359922321
477.160832358107
-16.664673397976983
774.9639648603479
-21.720599061450613
-160.49810925272712
-48.40126390959436
262.0574074349265
23.375929049148155
1765.7780876911534
40.25008850641639
47.69494261780391
-343.85575686514045
7.845325145336091
-135.43465597947656
847.893856172996
973.3778188312409
125.1676666504465
396.68401659451814
190.11554587456703
94.37989620750568
4598.195351075055
626.3931609622663
-12.197011197610564
-439.23546187346716
350.18950804402294
-219.9062305742956
200.5788259567848
377.85906917702584
279.4177880742892
734.7871526129799
296.67957933405137
-49.74613519224022
177.9457472500004
296.10394859992834
882.4927774972446
345.213790916054
-246.2842849132835
310.4578712159247
1225.2591800451119
321.81926226659215
-45.274633394247516
-129.13837532965724
130.55612040650573
89.4377507821225
-193.83968058856215
313.98535574850973
156.96839159304264
316.8004616650089
304.41260824609145
167.27484228115668
1077.1121628629667
747.016861192619
425.530053655577
-282.09505251488355
-61.63584022456409
-96.51964978575876
13.151326661817976
178.43327810848453
310.2635123045659
-227.738843523831
25.761807853024123
66.21910466284632
-17.0616569761779
1938.7852544807574
112.08253845876679
-105.63811858163828
451.7261012942539
655.2905185410823
417.17214393278806
313.978327984808
165.3593717361591
985.289885181203
143.98879965342744
71.42533720259692
-193.73377907683556
-67.85643971621366
385.4607477539484
639.1310038251656
39.149023813145135
239.19864674161693
187.12130308982324
276.0015886871365
122.53547863711304
776.3158141402482
688.9862820338228
182.54208691781156
168.98989817792935
207.27250590994885
143.4900127395355
102.51960131443757
731.7273883482108
-36.9047693236778
548.3135224587627
1043.7937967345683
160.7886746568622
68.98063280087709
1100.672734070592
17.331093923128705
252.18777210172797
1036.9811120155869
188.18721451927456
66.1956699541696
505.1832174078979
42.339280892213125
87.46149569565179
593.2320948634901
-54.9394978750575
66.1956699541696
-22.663122973171113
78.97980444519285
23.564566311701483
92.72112760745395
127.94636636526707
51.852071745311775
268.1780037681206
32.41429116785659
98.3137499123466
622.5252163414683
395.96500454950666
674.5024397339008
6.179959736632497
-73.39093507781939
767.0482847055497
301.93501721242376
419.9488376844506
1081.4410287579644
-52.7509194494626
56.04508030549508
400.7405809265061
-96.68020277399901
173.15368790958567
250.0182550426262
195.09931544028734
520.1238509786347
694.6476609306691
-233.61560643011904
161.17238247834695
223.34434974336097
936.7896309375982
205.21229249952438
-166.96355944860943
166.00651421927168
136.87622895872107
112.75934078415219
582.1610737506646
159.66422209393969
128.6309833284327
959.5686011343269
279.37440587945207
802.26744552149
-128.70977695695964
60.307707392355184
-48.276612040100844
66.1956699541696
234.68987360809962
843.8328949881832
100.51163684197635
42.5411765712436
206.39806816724303
346.7042814746621
229.03856214369233
225.64883829706997
-97.02544216907413
127.57309549382794
326.5137674809371
35.75962949421953
270.3264129214065
735.229591505009
-90.1312163396735
532.0120728045961
138.81113426974687
186.55144196455552
547.8932656827201
177.1196981667524
315.4874310583075
419.61227193126007
275.6497235674411
-115.5952649684379
227.70392850641954
118.22032247525186
2.695828139750674
-2.6092655934310187
37.16673716399124
68.09710955267361
49.91024928896838
45.645432697232366
194.15502618684212
272.98965039870313
120.83067915330426
-228.21189796616426
212.5662911376808
-5.464056381734807
20.56881237469961
197.49242508150724
501.39924733784414
21.19884245411798
181.55088508438973
31.229661068673096
6.1638129612229875
436.6223840445157
-15.17701321126809
104.58817477638026
-123.77619519171938
-93.2431586203752
115.63056316906099
25.008389347844663
106.47892836562816
130.507549694844
903.5989766435969
-1.5819543118366965
-219.5621909906675
98.04943809664564
32.54796575224351
73.62205463881152
260.5414535870136
-169.13448910485823
-579.3159540756413
159.53646873945297
224.24651556943405
451.1153879346119
-120.72092679425432
74.75191335601042
238.98248512840223
196.36894563483807
282.10431432405005
166.51100675923726
463.8502985799257
-141.58010730068898
-650.5090151627032
819.4725790415118
78.88237449064056
125.06691694491208
307.5600235447245
628.0277708589433
-125.26966815255122
7.630277652313012
1107.7537133216451
920.0766729087524
96.22843519568488
303.0770192196468
62.09443156086531
247.48151925927374
-86.20863496363603
478.70447966377185
646.2780580132957
32.90125715594745
149.60360375862237
918.5513717370097
91.29249634827995
1742.5891319999323
683.0066546885663
330.920394065074
61.23697536827362
-112.38612627460262
776.2614498128727
13.545910279323266
64.35570428064182
-210.18927846394365
-125.52726077229036
389.0962968104609
99.54063173280093
161.48375058111876
-48.451243584355836
6.194548952159337
644.7311557101042
481.5581445648883
67.88613229784272
63.835806341057655
3106.5762506276187
200.02074644648093
997.6157747565833
-346.68445341388673
37.19952753356489
64.9393768639653
-20.875537732858618
-26.309758186166604
117.14291205110207
10.149857248623292
94.5511368394597
95.07017363516637
-79.71150485428802
425.73836313075697
-49.61309695095768
40.6547067073537
-109.78795047447741
-104.22521417057368
341.04064800383287
288.1607180182133
-269.12404690804624
133.2739523038353
366.13432065243063
1387.1298825267231
713.8110055174424
514.0982047098373
717.6175924359093
1232.7859503204522
111.44564202604457
56.18156672767611
568.6851287742277
-126.84127419938034
84.79876488277019
555.9969567347055
554.776356346438
972.076513025312
464.8817011748271
265.46704852710445
520.1647385612598
166.62422132233485
1166.849700967704
-47.80282202823257
-222.1776310187018
-13.231739595397471
289.5954183653497
33.41163966067427
-371.55319923478817
550.1016023356881
-78.0306800467244
237.35430480643896
763.266140654963
-62.43468384250636
-56.97492960828619
96.96469537103263
0.981845987127798
376.0358330013778
150.85619501524872
38.97052877466757
-157.10714889427388
164.55212017280263
289.7278747144792
309.47363708013586
-313.092966513406
463.4496779204919
1728.5869617026128
156.45661030830064
-204.87210007078835
508.2459382322908
230.17844151468432
-55.33647091170931
274.65610848496976
-196.56818025913822
232.8080543463218
180.91965893515248
-118.92779866410848
241.0508688174461
208.22237376333385
875.0525516281634
-116.43764628638743
-118.91262416453043
144.5710093571549
284.6365675622253
14.975146713539111
233.8251950126655
-245.26241964945564
1244.2867561564176
1.5482721826292476
-172.6865467008711
560.6095343838784
134.71851450342842
-15.800620950453435
82.41957677192373
156.43845878893524
-311.18018825876453
480.89716247815466
187.422894704542
882.0551573035108
674.9013196239783
463.7188505998386
587.1463061520294
217.17086446410156
237.01167378486002
184.31448494000833
-169.71031677384002
330.14997481244603
19.887880566551274
219.44501220198822
660.2235038426561
276.58728006097243
27.949397802636533
179.14519206909245
-274.93103956838297
113.30433442260926
874.297193416287
-172.38117458558787
-172.6521412817295
568.2023075332006
21.263287092517245
-65.89843696061178
-66.05212890338635
321.5367204638772
351.5753541415002
-40.182384710947986
424.5644771500174
103.68015549275121
475.119389926735
599.609562436815
160.934190095761
24.86843647825104
7.786717579568673
96.6677324113995
90.09536868769086
401.35778976678296
-522.5500449343411
253.25591923042322
263.54396219947034
-42.59304842081784
-8.232002655847907
-211.94083376762023
-246.10867905973555
776.5451338605537
61.989419086949674
-136.7250849947482
-0.3905127572098195
9.28582108976292
328.00645760759187
137.18466961069535
258.1419796851852
-295.29893080402877
56.191152026137075
334.1111917107918
831.4338536612041
198.4625425732009
116.21519307640443
356.25628777863193
413.0012754938002
57.761390763225805
144.91504932395424
-106.68549478598845
36.39919466678898
-230.4459963346539
406.8523279955229
-235.63650161779805
351.3752523067114
-36.09427077703556
-112.47236343086519
186.42213149302373
-60.13282474298663
233.8412230566385
851.33312299714
1548.7182102830561
637.6890152951521
79.54442796743757
217.08672053999345
158.6707831147694
-227.09794904742995
-152.07764445850705
339.78651150929807
603.0740453282923
404.8543991979781
532.4784005499338
-158.993936877085
1784.2269636495948
12.01272891418391
633.1433797991408
538.4804541259942
114.95103620828063
208.30990788676127
181.1898558393475
211.82383636610803
392.7183936557208
568.8025347423902
83.90336812363054
487.1772764044519
65.84059768228204
14.113936389129663
-72.78316814904889
-37.10820355558414
40.99861137757284
320.97780948738625
-117.7002106810246
-171.73165067336333
61.231763554977995
816.6773452039195
341.94767061487414
418.7194604001033
-27.012350024563034
-26.238364922118393
372.86695768209125
20.669776071266625
-438.73860887337
429.69950345443164
-78.57198237612539
792.700813955869
180.2677043703673
608.4947258163229
-48.61087321201808
-299.75154849915964
799.0262845917418
5833.228897293907
255.29990659391538
274.4043741958169
-61.771437105673144
318.11554524856695
92.18232822136571
-126.63303966286577
193.85558221401672
252.48620738557997
168.08982696014843
144.8909251331411
146.49716817300003
686.6454550131217
-273.27374137589874
80.07625648289547
18.77662608139525
-48.52888421902085
-403.706284749003
-214.6121727141005
27.471808516505426
246.89574454968474
350.83558437500244
-41.715392945449295
408.5485150126136
890.8758634559038
-174.85904533495162
363.534141460156
-238.61861754052023
1252.5192890398262
-77.2601446624677
226.47648699287078
924.2340406115433
3.700446362275642
-52.128711616454694
238.76562657284614
490.6803804014002
75.78320166943678
16.29796908772572
174.30020765810565
589.7674292045051
79.93036104690034
339.21030248537255
528.2653645713181
140.32490137819784
525.378039193911
166.21667803635995
19.38819263989889
-32.10104390714692
1176.1345870095001
-7.987605652256022
-178.447791585748
272.78959860134853
217.69267604219067
-32.56882885555382
-5.994715976685825
-55.04810345791448
469.5664997458504
-180.4219091857468
63.10407519826011
187.32648408171002
58.120160241306564
-189.25334553788505
153.8256384948748
-73.56847641368367
412.84226548244294
171.46667802610938
380.06074430072925
-305.9564075216294
-110.29295731508046
160.48217613092984
331.7040530798352
179.0789736983266
4.338653351904469
518.7936685359125
854.4983324670108
127.1502449230277
-233.384607569254
780.6682042539256
199.09745248788346
558.9809059462862
185.63258070185486
505.55033555281557
480.9071272153463
26.643049981963202
673.3019749673684
637.7888708346019
137.10235485397388
251.8983367171705
27.083579835513746
-135.99857769395882
-73.07800179665992
155.9085842680476
541.3590298283509
-312.5846613506969
