279.1138458005319
-88.80559257841298
399.31313274171606
381.42128750053337
-458.5523995783507
14.436654026862243
-213.33096505341155
1425.6871045210949
199.1027202911558
681.6155481498488
747.5221391166131
1916.847602646141
90.18084900540521
170.83246521901742
-32.97797641715823
2597.3419173178972
-1222.7106198039637
-249.76328332666776
573.4813333216184
-551.7239546669495
-495.71446477122606
430.0589941828059
84.46221043184983
1696.7856531735922
-130.31003124284564
3542.44847984839
3542.44847984839
-86.79700524344594
26.826319566756922
1674.3555139290381
1728.137540559829
455.1361457096641
351.9563761483273
320.6713511562706
-415.691683956466
3765.9592430096573
-48.95601530022657
-455.8919977703963
394.31267030666316
435.9953193638037
-533.5137893453191
3569.5417793663137
-173.42767616377694
-638.4515282326524
68.20344346201364
-633.8292154732046
657.4167054839502
-453.0818407933357
983.378805835484
-720.2087289305998
2659.146601039465
919.0256763924265
-99.84020645958492
272.0734330138339
32.479750308598
1265.2794981225384
642.4772065752063
-727.7066138751368
63.59883984421441
110.46122279539281
118.00863680289046
-15.571086211721251
-226.59602737237094
140.28725904613623
279.0680134678279
-97.72525309145931
-107.75035090793199
1338.7444101839237
984.7488344206062
2506.944250012967
1389.3535523636233
506.59203242418675
1092.527757786609
869.1544792508496
675.5616781527643
39.45897549894261
1616.6687356652112
-174.75565019057638
851.8783522789587
147.37476371142725
-151.6234905063916
77.8854587139516
162.09619009576852
-386.83540257224547
3199.2823532825414
22.742047214879335
689.2216375978594
2451.7910366428323
509.6544343215429
66.12309998484659
1087.170813144793
674.7990620754688
130.578074672919
-223.8490985670079
790.7546637026554
-586.6580162852347
116.32732355040355
392.79269461118895
592.8042456157842
261.83110939990627
453.06261786585947
2322.413544875003
481.5595918935436
-82.59998739401863
-609.3460602064938
577.4814158617311
-44.5577217898188
5270.683989204241
-280.71272200823114
-38.460196548027795
2303.647536139999
-327.178317043893
-740.9772889881999
-33.70679403199142
1025.9817981357048
571.046229709579
-429.5948156927976
-149.39940890172227
430.0589941828059
1051.1086519421065
639.274667270866
23.89983441830975
105.42302098473357
103.09026507530956
-196.91690523409602
275.6655718294189
-495.92565703036973
-119.08268498758184
34.215944298652914
350.23041737739834
-499.22983669928635
324.5795842611137
145.19505273215526
2847.384735014388
266.7306689037118
990.1369997817781
-208.95913575641532
-187.03936290397246
2130.5542115819317
820.8654494624773
-16.663144604305558
108.06242530174347
-362.96689018320615
-214.02282796487611
-221.786992502992
-38.63625962141094
11.440617750939168
-676.6231878881679
373.57011272121406
875.3390169441436
4536.184837771071
-248.03783807656407
-281.46468037831016
26.036988480880495
-263.31858820496825
595.0558681688577
-80.24106588836116
1154.336515323297
1489.1827675519346
-46.32366219685025
5001.340428695941
-690.5000270455298
1249.7070966960848
306.39638305150544
-64.7511668499535
-181.1164492248937
82.76025989512146
-532.1073400434425
138.55040311147434
362.5893098963534
2399.294157632496
-217.32580302198596
171.25558101943648
-663.2214600429072
539.8934171475149
504.151450414356
280.5411989083732
62.801447952661306
2236.3526420976523
-66.99167260350953
104.42670004099858
2688.803734768513
680.342892302574
753.0052622330322
-342.82013126257414
-813.1464506620823
140.40221678592792
1075.6372728908273
-251.86672595975676
2450.531634395161
168.9543283742189
2286.2953746241747
-67.06220120476132
232.9033667759711
263.9786432795121
71.27373187656394
-194.02208273312567
907.3695149071032
430.0589941828059
-54.874842967306904
16.06802323730068
559.2659596074435
236.55103226301188
-681.4223185722003
81.04661633292687
674.9918925560252
-293.6362609265807
-676.8982989596498
-154.83584883076378
165.66081204283927
138.8334215325009
-237.10840316461872
1213.7471835015972
357.84523446343195
430.0589941828059
-559.783496013583
178.2205231069858
1276.8338920804117
-128.41958457152566
130.3195290805134
801.2267868633126
1278.3254694608531
573.4813333216184
36.07044696415005
1019.136539252369
1959.0227549245963
682.3645512674639
435.0879741072974
-58.276147674141725
-450.82035152609785
1763.1087289382838
104.7430781787815
-6.108525219562921
521.0268098549069
114.33208086917665
332.7073054785679
421.8642878643228
-66.32035007105969
430.0589941828059
-189.1736073875678
710.1570994446708
1174.8965520870738
216.36468274813265
482.9212137842146
430.0589941828059
4339.5831035415695
2306.69522796145
326.75544032075726
91.47252581689281
1413.0789231072195
419.90817277753615
266.8375771880819
171.60217661888038
-117.9381861676103
-225.43661770943606
1034.7258235940594
776.434567897769
160.60861435019933
217.93754031363613
1695.4809066760506
578.329742792055
430.0589941828059
-167.32127411028705
2625.050246925738
1141.4630649584383
9.601769379340794
-251.95044870134825
-59.06409537576883
569.1755483060633
-716.8759470795087
1307.122978711056
218.58015840759685
129.04737401674038
1104.471944634182
-376.20562364028603
667.4842844864652
255.54320523064592
85.56884840459082
903.8963128206171
-12.110788521552877
244.7622479165797
41.12990534737685
1562.0224432380326
-43.572631572858086
-77.05310659755253
-1000.2473897480502
275.6130330504031
51.6673784368586
4398.006921612194
584.7739442445371
29.787908235266684
-659.7526681093657
380.86568073968584
-82.66350063861466
-27.86732312100321
-600.1792407333667
1987.8725158213963
2665.1553646690227
-8.42517210931345
231.72970906790906
51.46590208490363
2795.966725175025
792.1556273942492
-258.6827946537795
902.1027027032173
251.06758745291958
1176.1200582488027
848.1516713053086
3635.5897663864025
458.1693121323846
869.0574573854495
599.6422365268908
1448.7396659781032
-19.553988353999728
291.93414609141183
-800.1423662955297
-612.2414833492637
-145.89122069576206
1392.1564313794697
-42.46885733802475
416.6500721578887
213.6499111156004
76.72171844280138
-1331.2991388938397
455.1503972335347
2346.9510456524113
849.7736670353426
221.71145407322362
-32.637888576561295
358.59531261794353
1062.8696319409062
747.3489914428171
66.38441055125907
1401.3812041637389
781.2883101434702
256.68448907565835
739.6410692017727
-260.3549231652361
5168.862614151196
-439.5659523239567
296.0453969192093
519.6235586075725
656.425829327906
869.4915238901783
978.4868706745402
371.90142711335204
91.33138843911809
999.8447720525942
749.6306687182673
1166.0564123417112
-372.3116880455366
1099.3452388113546
-217.2839887144779
1170.0951086455705
221.81436670215567
55.46278493897029
-382.45691298414795
404.86389524592414
65.40349886765432
-462.87369100371916
17.441056975363153
-351.71119313126474
-175.04296764960986
-382.45691298414795
-246.3193346511339
1066.181112065182
300.3737394074739
-272.3070024579898
-1424.5358012597355
-401.15433091821933
642.1287867889557
-367.6090430101399
676.026563504257
-415.3622062079048
207.6779801300263
921.2492576972413
2798.7930776412495
2466.2653394334243
1589.4096758756223
-98.84855432610141
422.21522473219386
-34.485754341947086
-437.00450157770706
474.0683675401324
-928.2452658677944
222.46119679491534
-12.34412544462964
1367.4641627416759
-101.97316100340572
-81.42526067588199
355.3160127679115
160.91187699148907
-69.27885451436975
43.877438066881155
2.5864819770053487
674.8121179097717
-428.49062299851926
-47.17165410368597
528.5680018465462
-107.70720686817185
-359.4286045387654
-279.05930513960516
500.68628115064365
-317.1292801153618
322.07900059225074
275.80185765726605
430.0934122572126
499.5851725237961
48.45963121685264
10.536164566327727
2574.21707632012
916.2966846500867
139.169496386684
1847.6899414627676
-65.02481187062494
276.7590995001768
979.9827011746005
352.9316221239761
-512.3514410581284
449.53179144152944
548.9184932370891
214.6347766004912
279.6621547661918
-717.2332793481962
-707.8154262942014
3657.6003666400366
-196.2468892760462
-315.1872244883242
-242.9335808926578
474.4310552182948
130.95136229954852
-486.85195121435277
-1938.862760564664
1050.4312847409149
485.4094788996146
2750.069670248902
-244.42106095744407
186.2113934198045
1610.5498447979896
197.93628755234892
1482.236271127994
483.44921422384374
-777.6965038984338
1867.0625730304237
328.897682007399
-582.7391877829317
242.6194951774919
-582.7391877829317
-389.9541433813482
-436.5254175057413
620.2935876212537
140.6851220636587
128.98161204544692
-202.64791777636935
4112.087683130079
-642.8538800277261
-186.8037342826383
704.5265390079276
551.8988394661635
932.806828783951
602.8412115688204
-84.76413836279346
6259.486245539267
1377.5618644228584
772.5820150673215
1995.4611365350654
-66.9217314076916
383.30690229002255
68.28858060880572
235.14487669839608
-77.56215228284066
552.6115106581265
1526.1013138721366
-135.126465989488
1511.2986165670727
2005.4659199610026
91.45279960856988
-499.3748537876993
-79.12374161892325
83.73411201397471
244.19303035600433
358.5155077152495
101.36431984037233
392.9389374815655
2195.393528614706
1901.905750582381
2341.017037517453
341.7333734012935
1000.1558125179708
253.30469400455706
294.70811416526146
2654.588606916095
161.13639698837358
705.1767047883382
-237.2736908494893
3732.502020386639
19.034900149895066
2523.3729678756144
1867.0625730304237
234.72184362535293
114.60141760552148
625.4220721654483
1573.6836068948119
112.72857633806143
-173.78126406536808
621.2050799145865
-237.48240266576158
236.93538619060837
158.2260630757454
-85.25248088220053
34.255779286845495
1435.4157330021906
1318.132677176443
110.71984763178114
83.19980674686337
679.5936145624744
-614.2661527391354
-289.7895627755714
-637.6543207097179
11.418839346869106
481.36716571730847
129.43510601449213
2565.287427936656
52.52296472949968
-430.679637979302
108.36005932159253
2386.9098826624504
862.7576984147053
65.86250445474684
68.28858060880572
192.2000472022993
2676.54816499314
141.8261102053583
-26.61539713591702
-225.73453142158303
68.28858060880572
553.179342951043
131.78222882301884
430.0589941828059
574.9215304166264
1837.6033498731222
516.4248488380584
430.0589941828059
543.7250629887525
540.4383151719622
430.0589941828059
-373.6764760122437
-470.31201294113305
-658.6000182841688
1757.6395492428876
-120.86536676629873
241.2431415768169
526.9280361617128
774.5500799247607
188.67048970023487
261.83110939990627
1229.8393491816225
-98.0269088578973
-1114.4456132592504
-237.64893443130404
957.3635076032995
-170.65010832120743
39.77669941486738
-87.67289961753067
-323.48030174250164
107.6096061787814
360.2795388486416
1379.1680414145353
2097.6264240764604
600.2040695586393
900.0262773246493
459.1536346502541
231.0996872225382
-214.631770011213
-161.1898696953897
262.96930131440797
992.6352091706719
-158.67229594480557
1009.7779980598312
884.0043883782844
296.31482917666847
539.9707411878882
-631.4263021528157
1335.4652935910813
1305.181530677737
-887.7138731074942
540.4383151719622
582.9760923879
850.7888705222686
2266.1643434108446
718.8884495249582
770.4669768692667
1141.6263423046016
46.14482234102775
-10.954866004934217
930.5448301504977
-219.59743756102807
30.863123861780196
584.7739442445371
358.1841041202116
1562.4237233799877
-334.0977636754192
462.41492166100187
-337.7958648477115
347.7866346373258
20.224433481034453
430.0589941828059
443.32925422290356
-410.59869683994395
680.8844534834615
1521.1488431331002
552.3168945126595
-43.0045171722287
9.67123757640519
1947.0710039982657
519.1595318344713
79.88161655249519
-148.2937196360092
32.01166239030806
437.1933908102475
837.5066845502865
141.74813751572492
140.4950852822908
-248.4018448136004
1289.2646247919818
-333.3093336119599
-328.5396840946647
-138.13967485226533
205.01715347606853
-61.40215770323795
42.415642898026476
-328.68100432028905
681.8695710579933
-332.4246214240203
1019.9646943887512
-379.66622669912874
1002.8698075672346
-270.0354215766271
2.06715864262128
1.2243994632151498
-233.4606107422569
-820.1119411899574
-166.43725739153479
111.44804052329306
109.85573961097771
799.7519354820897
430.0589941828059
499.7170044728033
89.78634090233226
-71.74540227857699
347.70700257484765
348.73535931210193
93.32593832666942
214.9706256165759
-35.90709874596962
679.1411662856525
1023.2665210466242
258.1755365515038
553.1846248414608
149.0524086739415
128.22805781314617
940.3320955142239
-275.4455540910699
-98.8443645379034
83.29639851695254
-319.2975704084064
130.28510035602824
-124.03492431435245
-187.41984902726267
1363.2937011343774
701.5389573358945
1586.359361608029
-388.97095637118366
-368.5376781498222
1111.2745808667132
1857.6893012661635
-187.87992808790534
-155.2559708228465
663.6899045201393
18.239347136355264
-550.5030506367434
637.6441560213755
-259.7015983297804
-32.223248076013306
-129.72343384589954
-209.60008260159293
-240.72402616091802
-104.34557712713615
-922.465275335185
1141.6263423046016
695.4805926596165
1979.3837195641129
-235.1981530870903
-1123.1691261606506
-188.6430558385557
-521.0582063344597
-350.98385285360916
116.71423313554158
361.1890179274154
1494.403791532875
123.38117818175874
-319.5474631515916
275.77691173660685
1816.9900421109728
-142.33184600555307
495.1898826840021
149.06866061380242
-344.943360002934
1120.8263018589091
1550.4953185208615
-212.80817777163816
3088.6571813042074
918.1789769448886
496.32993267771377
1528.8303432248217
1769.8043207936682
652.3400103491964
416.91286054201686
363.15500541560374
1425.528969949433
696.9902723238027
922.3324623945946
55.16634730891292
-210.36103195135036
-183.4974749968502
430.0589941828059
590.7479326902677
256.72884510833643
70.32814412690851
319.97157214256754
32.74450994765368
255.72215049259694
-433.6184324537784
380.4622262909664
1222.405155015129
-385.35876989887356
599.2468960224794
314.5255421119096
-52.959234176750044
35.272750560908435
177.29071692318973
298.52458701033845
277.61833454197176
418.9710832994709
-1814.2260432243863
6879.826824079752
247.6635613728991
537.859065430123
246.45502877265574
248.7805693281899
1780.4421001414573
781.2897787710697
-141.26387697608686
-218.56375666492556
567.6804245488462
877.4844119917532
559.6136010354742
-473.6938263139076
-125.94575492974536
-630.9058833223417
440.3727113411963
-201.85055751110053
284.2899082388677
464.6817411376103
1927.3317120413462
1286.6106288643036
44.906608166318506
-302.13978320658384
631.761939282793
562.9481824359355
-252.31358276096444
-129.22329709283554
-140.86094234625716
511.3302800817946
393.97894862700207
1744.1384437278084
598.0881808654885
1091.1654954301803
-329.06849205942854
-41.932060426386215
472.4967579070088
-258.2816377454393
1067.8932388054693
608.0291314618752
1819.5355029915975
-593.8715928075695
430.0589941828059
300.15626957536085
2115.9913980435913
68.13942030630255
68.28858060880572
275.94066145048737
-286.98874187219906
383.17945026985666
513.0494297812805
557.7535989864291
263.30222169594424
4543.332039671026
-203.64587077938097
-64.31836398700455
467.1628100040491
197.9765469558351
-425.85307463322306
504.3038754282999
-235.908442001936
848.0274952885793
-16.240998478173992
-693.0646873356445
-615.5813070908741
4028.296401191418
1671.3041172559276
111.44804052329306
2548.3934545035454
486.62977335161304
1987.8325649338767
-382.4724329069942
-564.6976053400284
-80.65592591393977
76.26160961989262
1558.2803014390586
888.1854142076786
463.71436453413764
1464.8559472894408
305.4074556674348
323.31440317002455
224.2996227737453
113.67895976940463
-363.83788281250645
304.03455629280404
-148.52248220935257
18.519684232303803
706.4565644542195
-102.40336100222771
252.2812004709769
10767.299067895128
762.2054995188878
172.65942475682425
-147.57866932290176
404.06164312154226
-620.5358359924755
-226.25016622873977
440.6712018742665
-157.02277094955366
318.18990267778133
128.7820491635378
-217.90725041204655
238.01736420121085
-518.9863209926484
430.0589941828059
2527.139089624233
-168.0764344386041
1841.7474592411106
-261.82630254848186
-124.84485197565436
-570.5296228211718
227.61577608172166
510.0513261570781
1264.5126029943592
788.2669848121405
695.906194980781
-264.7430444820227
778.1892283423838
751.6232815357383
648.1860919988478
-224.89128209800754
290.0884391767722
1167.1244055494699
510.50200957277093
-285.7168468651805
-39.361751215217566
49.81022749987676
294.891973971501
-413.3071698773846
3057.7706104890894
-177.75741026491642
296.0453969192093
1601.3591564065466
136.8006281939139
-90.746526728871
902.4339894666788
996.0085090627072
1315.8189160595966
628.6301026095039
108.94933601943319
243.71458739090406
9603.579871100004
-650.6353414114162
22.09728872337064
-252.73966868634056
311.8969189834926
434.8620083142776
-135.87868363743928
128.00900319485936
477.13510592814157
-19.830859958959195
-353.92210895407413
-70.60176428311956
-423.98352447172294
1682.4618272877503
-522.1750456459444
103.09601072618995
103.21717153947748
-50.33805380293995
349.03509577756034
5157.247038696078
113.7096348404479
-162.91771175445683
1105.062736510752
196.42947003265888
-2181.410992317861
9210.399590025147
-271.2939336828683
-240.68199553443026
90.62179180622843
489.88385863279825
185.8132598409175
499.48433069844435
-204.60065036702974
596.9887167157633
-117.02853320526697
436.2386438882419
2559.2908344004336
587.2862695074839
4498.474531431827
888.8692140614813
-55.84326033551673
650.8605925074758
1872.361277308379
-1018.5797218808343
-241.9211778014976
437.2283675418644
1572.597023017149
342.0797527953832
721.3917068197054
-135.30050023746185
-384.4984949669496
229.37583087502503
110.66059798066823
430.0589941828059
172.2526070072514
-221.48306234450843
138.44177554160325
41.60735584313517
540.4383151719622
-496.82181951830944
19.81570598326425
705.8335418349025
1001.1529271108266
98.59968654293289
-55.983127320012386
2640.628876632569
374.33395264933154
732.0267272024456
-1041.4160989655684
127.43556229092786
1048.381520075334
430.0589941828059
428.10419713680153
38.68784740371564
948.9548425025517
327.291738880655
24.67493834263928
4827.386958314528
892.7862299013175
446.9118546494922
790.4547496692721
921.501954235593
251.06758745291958
-321.67281739463533
637.787313184567
-1333.6475473585053
1384.1314116629574
5077.525553485726
13.372755604312545
1266.070713288242
165.26421094914474
-598.588184769276
1731.7304673749845
190.26791068264836
188.48093298486646
573.4813333216184
-268.08030071669134
-410.2253876843406
-351.64054767713935
-169.2934417284082
315.25614781290335
760.3686344759362
-209.98469022376457
-330.25713508439264
-1046.0165335110257
962.5138172464525
153.35336109976947
-238.02546317442523
1967.2009480126474
999.1031084228791
10726.945220379363
-297.707058243911
230.55698524841569
1.8569465687371007
241.4183804198866
126.07967052602089
94.45869891600972
2719.0381456436453
-346.3992254707574
322.7804157628977
-116.85441543408342
254.75368181484873
255.44970474765836
-237.61274948562516
755.0964596006049
-6.554204995131499
3182.8855290502224
1335.3890163474678
551.9652439331056
-138.09339457823341
184.58549942038434
1554.0168405450465
-116.84418185590539
413.49484748203577
204.29624791588776
-147.4123176881593
226.58532794175613
838.4016618343638
632.319786809129
135.68855560406496
-473.2418924740099
899.7990189106727
898.636991817395
710.5109407343323
17.439114531201994
334.00750613312425
430.0589941828059
496.2258279918999
518.1694611734749
1531.8353484742859
839.8720426967083
7241.28566702446
21.226213015666872
290.5912739497637
393.39286486883526
641.606175615933
154.04633952567804
796.6212245327065
300.3998695873335
-15.645917826299637
618.6677433235798
-1200.678612803334
205.09751574730936
160.53131749036731
66.01176708364699
-1101.04990254508
115.70440043901408
-60.38990279756575
-58.817330267807165
-557.7248984603082
1677.9489421973312
649.7728070086761
382.2526155548299
159.9083774903197
-388.4119394974905
-435.6894827030567
-51.244623576601725
1013.2822075603491
37.89693259503099
-165.1524724819493
-400.4513076963524
2205.346000823013
-10.343696466955862
-705.9420338246614
385.39275956011386
329.30545624958444
497.363389490516
-1232.0080323468412
-144.73183901851928
185.84824247761532
-983.0289700631606
917.0830356471595
-349.59030699562527
2992.3485956504937
-394.22965828211466
114.14109662467428
-431.11988319555326
958.127064222713
1273.0866547035466
638.9948807806311
355.03397167998827
83.34429229054393
-155.55861491875555
286.82606502574424
202.88424132196104
-140.4861362076092
1082.8022724862399
669.3506228716377
430.0589941828059
861.99887505583
289.73999284831757
606.3284399905904
1166.0959625532055
-354.1677348522999
503.83256022390594
134.30544299375117
1499.0410441308943
127.39169310388894
-28.19023053566741
47.65339753903402
430.0589941828059
319.8203428136143
-962.5446071687184
-84.83058166273986
2487.499347361565
61.83335106108518
-258.29626665414344
-145.94015232280105
583.919930694826
1637.5476323866667
-67.57591668893082
73.67494924953735
17.606243823700993
764.5864510463641
322.9747970337145
206.6532515501895
430.0589941828059
-969.7579895642161
810.6441730209391
493.0670832883608
-485.78779370398195
-458.1109922253611
196.0965477734676
3908.880346159587
2616.58003737707
-120.78003056175442
-326.1738115415511
396.53047660756175
376.89209214401217
2435.44590908397
167.2419993199208
334.225471046405
-8.766496050902049
113.48425932017398
65.43732805752097
99.79615983405051
76.84068960838016
158.29140249150163
-848.0408323301074
235.82415581096365
426.45770592573285
726.557265945617
686.2028756090273
627.8490986361941
2196.5333067813217
158.61939161638082
1002.8698075672346
236.81339940432798
-325.2387618170212
-422.08195082403813
-116.22885541354003
2348.2536101226733
105.19395681206777
16.54445755953708
302.0520304726145
4453.47889964546
311.8261925054328
-290.45363342978567
-583.7611113747389
79.59504070104316
-209.40004718664318
1828.9761836482735
2467.3468619270006
-71.65891212148779
570.5675888960295
128.63676424172343
546.8471072150387
-79.0854924988763
72.73295239447361
-420.1544108171729
4077.3392537220525
-100.29533046546669
69.95737420617678
221.05958103908358
-15.83133032021044
83.98132508410185
2176.468709622255
611.7479342621192
568.1893210492444
327.9499460526385
-65.17104161271226
90.60489152840557
-321.42395768114477
68.36121422443938
114.33208086917665
1942.9466042902643
114.33208086917665
1987.3288101055148
415.661507098429
1365.9158533403447
-208.51799477476595
499.19235354068826
-75.12899202440514
-489.9907276482933
576.5058955763002
954.2978967508019
-245.43584761324303
-91.813349455609
-28.424405967474513
667.7339437883873
609.8448102954211
624.4869989154103
-213.42442967534703
108.13473770638905
-71.58910236720237
90.05760292523547
-598.3842672564613
3007.1840033607605
-1128.1799835443514
-265.45834033315464
292.812176976175
-409.6477217705361
169.57422551568607
-56.44115281445261
276.745029207147
-192.78300189924573
-522.3777936953067
200.64331697715198
-723.6473258321214
1066.3059240226376
280.1007924903519
-38.90038233214966
983.3748034805427
662.921847712805
-230.63042196615015
1005.7503740840732
1098.7630789545829
347.67555058223047
1078.4744169942494
604.5425860570267
-282.97073791734977
239.1066081079901
122.45985646010405
141.3964132662187
740.5753290557202
384.52370698814406
-530.6984902930105
-30.46678999067126
-645.2609617595683
-5.813712587321561
-107.75035090793199
-486.9297237398374
1526.6863143118235
-487.29810490787315
-731.6150467708267
100.85065553909419
2023.1593800040346
1540.5683112664176
98.1205156332258
386.29588712012367
231.451650591572
133.48060236422964
117.35458528807476
132.21571800790184
728.1901099312595
2141.502625280887
430.0589941828059
314.39080692465325
2349.3482210377188
3159.8479715180038
329.6170923229896
767.8277626046108
-686.8178216242768
2135.7171014378855
-176.5493859113692
968.0079592979686
17.131009488775874
2641.7980684134563
1028.299146264851
864.1060694859268
-145.6580896668513
232.13294565011915
-125.3485604734376
59.61487837598861
-526.0151560280551
87.88527521247227
-1114.0579408781164
289.4241428654528
203.7602311882223
39.72371988377995
1056.6339753436507
961.7407964349617
1137.5262703332016
2082.4736701055926
-128.05780486359652
132.51058642631875
-296.21295397976974
1229.050449294753
3748.957205853768
88.32879371524092
-124.98129038140576
-78.71505633799688
90.78967172497329
26.336385463682348
791.7935082607721
-291.1627901991677
130.34997469546892
1278.9089313115528
-442.8248276926281
134.12302809846085
719.4324180188328
-459.341478834069
408.58664305301033
-381.0849878916234
632.3684776547816
611.1453075639505
1248.3697286877439
-83.04533586418529
-229.25602296319448
1609.5893956354168
1442.5713411847269
-434.6845739640696
-538.3704823621385
764.3663574016098
845.7369388298623
-696.532524373885
-463.56813492622473
666.4289721973286
553.1394041684476
494.34201621752106
1140.1137005152855
1501.9596391591974
20.778562495891606
389.326000171562
-191.38709036832824
497.67961611986254
431.13237347691984
106.44524557161998
178.60561977198464
600.1999511199326
-615.4657298798861
-100.75306045403079
255.75731597442103
-293.66913480800474
141.06994030168863
-41.279435038498264
2952.4686030646963
639.8860185124585
154.61292517450568
-76.7390177673011
-15.486877729147182
2377.950556957064
-115.09782815808558
253.31325376357353
1140.4063166241945
65.95410569012
546.7035049140887
208.16582622759643
-361.948066726775
148.23529481571637
244.27356123211013
430.0589941828059
480.7392208408549
-255.77282730294905
403.0660304865991
272.41723194851295
-724.394359261498
407.439983055095
971.7102641882922
679.16888915326
1255.195281169517
4840.4960392779685
-122.91863067453801
651.1415787543124
269.5379535606269
1098.4675108357183
113.17641615172465
63.761727230671795
165.5193957628345
-690.9546618903757
350.23041737739834
209.17565755366576
606.8301422690871
-154.6619201444521
345.7908168777943
-165.63309942625756
-476.2949475058208
254.0322825880249
-502.3020328209974
772.1433195054864
-194.12424738331822
1378.1968118425498
75.70397726393554
-58.132695886326474
603.2144927752154
285.30223754631504
1090.6286835464364
1001.9658818567609
652.6083716441262
708.710463167317
162.4437725632779
752.1980241481567
-28.777509763931903
-683.6648558297231
1715.1209236550926
-158.77026238409712
430.0589941828059
-734.5294363932653
609.4403512714056
430.0589941828059
-251.78585745885164
223.08500529312295
-103.35004918735069
911.0401688382321
256.70533228313013
296.0453969192093
-249.98045406737526
997.4260469517666
174.83561759285783
1774.9033898922457
296.36657558636045
181.97760934609622
359.8928968319963
819.3018373875504
1087.456567700525
2.5061139802529624
-391.91180158660995
279.1860908597168
423.15678331994303
596.5603642535734
2211.939129659673
297.7698994469141
211.2603550241632
31.42139868165566
132.49692574845136
888.1630972289217
-319.7065767267426
2249.798879504582
1072.6657046141863
445.832908251742
662.6377808220549
-239.85565148651438
547.5347347363706
-1.2915021722644155
382.4337391398204
-435.0250048863264
798.0212005887968
274.52390838364545
1389.5008089556193
-516.8694603346446
1084.416053141827
570.8880031823812
-252.87791294084082
1237.0164558677802
1171.073740277206
1234.873461634916
1002.8748352361066
219.48620855446788
223.6164904240882
323.61783927466684
243.44935791538524
150.94953048791695
-369.6352591594191
196.76605049195786
1587.1291763266593
337.97386362173916
407.102768284357
-181.35433781095185
444.7527514757856
3298.0449316068125
976.2442047390653
-212.48155673925555
-86.47373283175625
-45.833494757484914
-936.4187675709459
2223.9702803538084
-138.2117464741309
78.87628064335058
1337.2639268715075
208.75883585419513
-221.06957233666174
912.3225216415759
2303.6689757104505
564.1337946631365
533.0105846963108
496.5577869249872
157.55872941915732
-31.599058398538318
332.7073054785679
201.61517977534655
205.29132950290222
-412.45359783027243
312.26071203442876
69.47217637491167
-410.53567687384486
89.399679597192
-493.7558400822338
532.4816239709019
-95.53996900119387
430.87484191399
392.4781216901864
70.70306935900652
379.8026194465199
430.0589941828059
-610.0987866774262
2445.5099020879115
1132.3661366899096
68.28858060880572
167.5177053214686
-314.330193992669
467.850024741081
-141.48029235224658
1342.7127446573138
994.58794374226
-131.7973133214066
-110.03306919946715
-483.8227731388728
-1291.8993535118652
-179.90884483926664
1057.4902536751815
1761.2125796484465
1539.8541555192953
-55.66324665244838
1411.120128979506
-297.5401185564972
-10.28229378270612
-262.18664596988253
362.65594815445075
1757.7084358473494
217.096084755437
48.45963121685264
-8.627967023774715
78.46997707771038
128.05742225104984
2818.641479538469
-536.3752652180151
350.23041737739834
-955.3418509263533
2040.7837753230226
534.2760217167624
264.046544742413
-476.7455782331016
-721.1482433827439
774.6485717521897
754.6273799816477
241.75061061473912
134.32058616383364
-238.35595891118533
1.091344725646195
165.56764282803118
747.0914941349777
-602.9557251934414
433.7650012773839
93.59710607176129
952.3639381931289
906.455577617847
373.840217395222
-59.76086246209462
-163.5056611209401
87.64801561271713
98.07757548124653
-256.2305250686302
24.34253366484205
12236.386283468088
88.46564189410151
-267.22168449714627
941.6734457461962
243.9247750899105
790.0557454100563
263.98850146241364
458.8273253597419
-389.3491022982057
15402.434297602347
475.083327688782
1975.1853524907567
23.59435331748665
2429.296518697308
248.37350051057444
1337.8714502821954
185.5144330988294
335.0897485828318
1223.1626270851857
-600.9168843082441
-481.43961022536496
65.77668663457689
921.273135887044
84.40153604408101
947.4101387190882
742.3010883220368
540.4383151719622
163.07590749008517
9.40936483118361
698.8415044718598
393.2439228660888
523.2744348364027
-443.82124930813575
-179.52900956691792
1196.7670270720437
-211.5127173324122
7251.0982022765165
-49.96922765046361
172.87134398971756
320.4516414627138
1756.0556210051288
260.87895544085495
-313.74740108498713
-103.50960795737126
-1074.1518653506532
1126.6013754630371
130.78625671171432
-785.6514441597469
-144.97071290876545
1142.7682916049787
807.8390678009099
-117.02853320526697
210.53621174480824
744.5695130056457
568.30911959015
1518.2995742882918
925.3334575173519
265.81537205731036
296.6148776718644
208.94310402133942
-92.97028299037856
449.9082761997436
-278.43686166550424
-971.1318643596176
-141.29548298799023
161.3104192874639
-105.86691526550135
-5.489651692361804
-846.6127636679767
325.983707061765
-256.1747706917091
-275.8493761239047
51.759692460821725
-695.4920039259839
645.1445748287006
573.4813333216184
588.6893927987148
403.86978091202536
1955.2423045877956
1581.6768245119829
727.0449808265819
876.2455078590997
-99.84009935371216
1322.244467065772
-206.16491693355044
1259.7993971912756
-122.02238385282044
639.254325731292
413.5795525051602
371.84492898560154
2138.020155542807
60.85566831287281
408.0447839664821
361.96054999272906
-431.5326931637413
-532.8802547797106
908.3514488370965
-376.41593841099075
81.04661633292687
129.33076266037875
1090.9029973371944
-51.88678051845085
1433.3160549199847
466.1661881259976
3476.2513492782364
-269.11424814496684
335.88661277673907
928.8794873135238
47.589463962837215
-930.3225535770425
2267.9949380838643
3436.095312099931
677.1904787319502
-576.1459591727042
208.99927666220128
3225.1527322752545
-296.4703270253102
83.1366816722462
844.5832797457199
-236.95912142012548
2351.174710368211
776.2971557122955
1198.0536787295196
1167.6816051280798
-370.5260479989522
-309.30651625564406
207.38848512471637
-43.296911207938365
-43.51930380756983
-80.0732902931544
-445.9428630488534
444.47224709597344
-473.9574921481675
974.8491214481448
-470.6273676712509
-464.0554001217164
450.12480448203837
896.6549309736733
541.5625430755863
-189.72897716031798
878.9707444603683
130.8723824320744
994.2185293152429
843.5681493485424
463.2189514930933
1174.8209690681438
78.52100689130873
547.3775694353527
-221.21743472935577
-239.90844089223708
158.8245915870848
962.8094643343143
494.51407765333647
-1045.477395597697
444.7527514757856
902.4339894666788
-57.124273107047316
241.94003737266712
430.0589941828059
715.3474273704743
675.1532905475002
43.808255501572944
737.8654328476753
-239.7227928294286
367.72883146091255
-120.0566417600935
649.9242289120107
295.73068842645307
1237.1622344344037
-162.11311836209666
262.1062325677285
-460.5374775104324
609.1954220320656
55.63080833205652
43.18855684783534
-192.41641122285932
97.07042991446247
648.3273532746267
93.82945902648157
-483.88682001249447
19.218855107176523
2765.6739694576845
110.42600246156519
-545.886804487707
96.78251938843601
82.0165272854099
-247.46525635646333
157.4412181149271
-8.118251791322393
83.27308747317545
48.57399523360118
1003.3452724819094
3213.5290774240057
77.08856250945729
1333.3446435065784
-310.9612566891208
-478.5093085490962
2192.5668350074257
2489.204652051627
290.2086805287877
-182.15256852160655
670.0548632430227
-1410.674294405898
140.43664653638143
2.6889569020100907
375.09392279248084
1186.509260571152
-22.447730604890523
2613.34049066015
-211.16153954460185
630.5966877410476
-5.509453194822754
392.81563626522444
-978.049221070122
6279.039471063551
-407.1276891176831
151.41089627371088
-465.2924716275286
592.0960114701372
284.31005420147335
-32.735088896049945
362.4323910113512
-83.72163138939732
1280.685062045523
62.6448812490072
195.41082975220712
18.062794663001682
39.27001173946002
131.490169541802
275.584705600875
518.2768290801372
11820.028239893165
-479.53150207491444
424.0485182362012
2053.8495543464846
1080.888021889626
779.9962622955532
609.8448102954211
1672.7972616123711
-592.9586048407873
1425.5800439694897
-534.9454346204575
1423.6988505460454
343.4456414374891
350.23041737739834
426.18110884431377
-51.439591840220544
423.3643526658449
5867.875858553031
-138.78924597923003
397.2028566022546
3260.9293325904137
581.1139668133451
619.9293894974626
533.1387980851168
51.80189468439727
790.8430714033306
-62.43005299332174
459.1614088405779
270.78756595298626
1031.2053050693398
1338.1920609524282
363.4995572705766
153.6292676327962
279.6412683484706
4154.638090309916
2668.850821588655
634.6681354315651
-499.49801958178125
1241.2283946787134
1180.2561419599826
-689.7848756090766
300.6309143641279
982.0434197125113
210.14613951389595
2058.9839450669983
-548.1310993409577
-103.24995379692382
1348.105646450131
-925.821900106288
54.876221412370114
734.1693857208203
1439.3764943575923
22.32534221255048
-178.41352701805317
2651.922986928088
6845.069104856878
3846.051885959814
430.0589941828059
-58.84484508844787
2344.9369384113843
244.7353215727956
28.95715858174117
1035.3541555084114
181.6030676873054
1337.24393277937
353.03978442631006
104.86385044481017
669.3967218411809
-121.19425167157374
252.6807670390044
87.7396459536252
-859.4709926968285
4.707553340509719
550.8482602516424
422.2648265184155
188.6892794274862
199.88947222890238
-27.782025250832703
59.3568634241218
364.4232608814772
1725.46909427649
2406.0334285165345
13.66122645731798
50.859084537532794
1343.9435788105272
895.0841774843516
397.1581645374466
-170.60617359749563
596.9887167157633
-236.15072008547065
-272.27059722794627
330.2820239177871
-490.260548503379
149.92039790889783
1228.7196491555708
3628.198540222709
-33.29796661630303
1931.6907209758353
1350.5647778967127
832.1605682400627
-304.2043753798848
2439.5160514336167
4840.951301196059
853.2347379198453
875.9173149254235
-421.65634725134146
1895.8338326072458
1521.969991136779
-745.1883473597175
-320.747805716681
944.7155675590392
1302.512389170436
1572.8076446175403
382.2725623076843
337.9918445135949
562.2762555149266
150.69063028409175
659.6247738568666
127.58874596516546
-280.800266981867
567.2186403183548
1596.7218403586157
1989.1144933052215
-318.81568616535503
1198.8708505090847
97.103375184855
596.9887167157633
603.9271177379417
406.7753637358821
-642.8914326444276
-769.5491046945297
293.86749689310665
-180.33858518716477
-459.05690757297657
-63.73581262864286
681.1991424456221
460.05789721624893
87.66039523627069
-89.84674312033178
886.3047700699952
-202.0183434208809
-300.75240280367643
-688.6316273220903
-393.8635321189787
90.3626455840996
236.46573335858315
523.264305616133
489.3578227396547
982.2974825939012
31.18193974202734
-425.55297689702
-263.58093746040436
-633.6120679734306
900.6696729416225
1696.8563373832903
-148.5855885749371
-683.7272254979378
2009.3765853750458
479.139496105533
1696.8563373832903
641.2470628475346
656.5371465217067
510.9269348091177
-305.74768654976697
-386.7748421350857
48.95342660389679
-153.24382061262736
107.72434043910346
-818.3041817558217
-681.1042899446861
766.2682119310606
68.71617273802178
386.9921586022966
-563.9691211926715
320.0531179327736
1223.7834967798563
391.3973366829127
604.0597007029819
-400.36507691209704
444.7527514757856
489.98959506906317
2265.2911974295685
254.85696355706966
-680.9107585739987
658.7647308881868
-126.90173901732715
2390.136362982007
1885.2626598218803
1016.0771005881672
-231.37961032435362
1587.467143677135
953.4384246204754
-291.92442798667344
-246.7297838022106
-457.86399733984285
1512.9190956631978
1709.6502288314718
557.665948505423
1.56338495523039
-576.3260667912814
-474.68513374770737
1131.2250606189793
430.0589941828059
2526.8368734412916
-359.9697112634623
1059.2588171461612
625.1614121851969
649.5374737476003
656.1270237464558
719.8727596793811
196.95499600133786
-1024.6725631247311
46.06972543773355
2270.9961557862844
105.36525005940115
2926.9322232085096
-382.2989330392693
1323.7778621648208
85.70537749677516
129.63065932673726
605.5318509310277
2000.0756001671127
9.874282008474381
2831.202743800274
620.4497925024972
-908.0234417553954
771.7077693021834
270.2988492761233
436.78687931850595
139.23281216973027
170.63254641704197
-538.4049091374795
-217.59059326764475
509.0736818666416
598.7619034457855
488.233409191359
1841.0320841332489
2268.277437886835
40.60830426852465
-440.7361074912974
-97.72525309145931
259.5281083912399
428.83997769428265
865.904697860648
386.0488386086331
960.0548891882288
753.9922339240545
-255.12872154562785
-195.8031108188395
-264.46205675418867
124.50183450204281
-301.02183609451083
850.0759597501738
-70.99686851268552
-902.4351238540432
299.4066792948872
6864.860785276841
1371.4200084025529
639.1949485824232
322.50127105837663
588.6235629561678
585.9497330558022
394.4160973406827
239.0727372486812
430.0589941828059
774.077231789194
-182.4347825434951
-13.349373969867088
259.5281083912399
826.2117150171332
-36.591637647369964
150.37927727116227
420.2829344169986
705.4764003436077
-141.43794467194232
118.13451245125248
334.9479985409811
1399.285990672715
-1719.8007801760693
-190.44608277031398
-64.7398391476836
286.84446497831374
-493.2774682978254
-157.8042530354802
769.1278814661584
-853.4054610946068
-369.6518127142473
-175.68562110566108
-102.78178795622034
-341.09266959523177
468.21002920776493
332.7073054785679
328.3118321851563
-234.4415140106861
986.8047124481706
428.10419713680153
1922.7145676546122
477.27676281747006
742.965549220251
430.0589941828059
-260.626681397173
287.92542396017194
-146.93527213811467
116.97584568072182
-532.9963352775358
1906.7226162249788
3618.849308751228
960.7883456492318
249.28032028345487
1281.1828365108868
161.04699845562868
430.0589941828059
-6.0466505802111215
-98.65667929945221
-147.64034048004612
537.4973892109319
92.250897960386
1236.3037254987341
141.29553616580955
515.8607740815389
264.82246586877716
458.42691451923133
551.9652439331056
3052.9869418731223
1635.462271541657
238.0246996241905
2157.377411485165
1926.3596115650232
-161.79633541161184
2575.868357703943
393.7730569140932
1116.087362047066
-38.11867012858727
343.6369175761477
373.3355692480545
393.6765940609058
136.93357578813772
596.9887167157633
619.5292090705444
-720.3657654489293
-805.8410176730154
970.0736378176568
-439.80521758453415
-264.68355215118584
1339.242426792529
446.1178076854378
439.2122878812803
2943.6339040115827
278.11766905743127
-14.895078161823903
-275.0328021551451
435.398385667937
482.34541279168224
375.4503452204575
1421.5743671778987
342.5122581728689
173.43760762393674
0.43799116264108306
1608.0511361110048
-398.2140728034917
-153.21191672751036
1225.1840345525623
110.53450489078358
1455.6118044184886
9091.389564367431
-599.6090202315595
277.61833454197176
86.75028486062217
594.5060181569179
506.64756770315427
862.4437334535746
364.30449398034534
-411.02305831476156
-1194.8669545769405
547.872329143418
-61.30231506261373
-486.4795932601345
-164.89424842666972
268.58345145444804
-24.747806568515443
4773.205171538898
230.6699428537971
495.46609310353784
102.6626025378904
296.20308989443356
-775.4919149907018
3279.920199966926
0.6384291884150457
1597.2759575473776
791.5522256196566
332.7073054785679
-145.76496804984424
-293.12873888663853
530.4523006172371
-404.64559310801053
857.0865422483823
-469.22456866073685
-255.74900201283742
125.05719935351794
927.0902389965322
-174.62246889429093
420.9645683234986
1085.5676469834543
241.43122106187923
346.803942710746
6882.366574217063
-40.426479112476216
-684.6811813185138
-58.591123063017506
-344.8361498979542
3795.1530243607767
1527.5863766867967
378.6790537314252
-179.69915355982937
-182.68758342050523
-110.97122115968216
1108.1856337638678
-192.46877536253078
-533.0409728189604
586.742341866938
411.4691025181274
271.90894633923494
402.2111322704489
126.26549273404692
-427.90216145507793
413.5179307182783
1401.53763113364
430.0589941828059
1361.65544424605
-262.8533891996707
153.40343787833683
172.87205797943068
210.23069343339236
1597.3243479032408
206.84871174667748
-1690.8505494881663
-96.20860110862202
1363.3446724361422
-232.4813523481073
480.61117425959975
5379.409688159641
242.64831344643332
66.38441055125907
183.98102880607544
830.0706465589747
482.52203306132293
2575.868357703943
160.57389334438278
5308.534825784144
-572.5713715510219
313.02748949965087
98.82559435953738
2675.561252087612
44.12039007481269
1660.6073202364666
-634.5844689416156
182.52007147782635
268.1768375704803
-55.65031637484594
379.23214442382215
-112.62668199916538
2020.3420218973088
888.5987968970369
-114.23752380328233
-239.82256197549066
1188.882985591859
181.7498467523531
989.5779594297192
-60.45486251509374
482.9672359515039
666.1186791858142
-167.11481183930005
-113.89642921251357
51.0555321449159
-67.37501255477639
-348.94389186332035
499.62342284005206
-335.13618030489647
713.4994575120598
43.42811663489067
1324.3410250873287
403.0232824411115
-24.889407064346585
937.172513964675
3947.0432771990854
-155.2771390927154
1485.63759633512
-281.7805992112793
934.359467611938
-132.26023122717174
633.0300951197012
-19.830859958959195
-372.3329342050763
-470.8786868304128
157.00666995215153
-242.90465517543703
29.999510280427785
194.3004548160588
132.63252669288312
173.42010572489687
661.9644405977851
878.6892670531232
-575.3615954950003
-314.7522705220322
725.9762180229309
432.06218900510277
963.1580369366663
6.4429360323536
28.750345582884393
385.163933532691
167.60616009308706
132.11276300075792
-405.2593602440011
359.02014038536777
430.0589941828059
1694.4959570460662
-86.5733067816717
-16.05963003147997
589.6102920429782
1337.5030026528998
-461.97255782381967
16.34857193462699
-90.05286991643243
-799.9441775483031
-295.084960003299
130.105012865905
13.065270897439063
-455.3841619904533
808.6198496885067
-3.4654456014347375
-630.7632604031239
914.705258759658
53.51469007415017
961.9331815633685
-388.32116200054645
272.8480197547825
2563.9348056646877
520.9097609493924
478.9595997312385
1354.5107068964383
120.48280150890992
1659.5387806184713
-659.1787055809193
373.51877827541955
945.8357690288019
115.82007320232134
48.45963121685264
-334.88143008560576
-449.48557129626033
355.4056961336685
33.73610466360702
-157.7875815942358
-310.94880711438475
221.81436670215567
131.80348349738534
729.1090161953815
580.72661688145
-161.98811370303883
-205.0612904660992
274.62228440750806
1568.0955370135578
1566.343998187113
376.09302829488394
1223.8106245711028
-1046.158293720564
552.2545819005508
-330.56361864551013
635.7427403807902
-207.1610616126742
-19.03217815038738
3269.606348802171
65.97851212953765
463.16926206965513
366.09606657397103
-1.2256300717094177
-262.8850566270005
-57.90667772037028
491.21675885509694
666.3325027957203
975.0059334011498
-103.93339610979001
1414.6148942888308
1036.391419508937
1162.186540206354
129.26106920103723
154.61292517450568
427.9580455375724
-159.57885187402508
1336.2225488329634
-318.58002326859946
837.8796196384483
-216.62556900422464
1867.249993904765
295.2322916717119
-18.33724415692376
-361.31919243520576
229.7526527957236
219.48329215398917
646.8740198331391
-404.93635959578296
881.1105370777093
24.821675240528066
298.96099825804
463.46675660226185
1885.2626598218803
3699.9422213554917
105.4302831409326
1476.327799644956
434.9930517682682
491.46778532229905
-54.273748567094685
1029.3160456401718
217.5070547973492
582.5948746734138
586.6616451793891
-179.61561054132062
-565.8836707144823
-660.8160648244432
805.9520741996607
1107.8179612509348
1018.6846359861281
1459.8040395812802
-368.4224723826826
1566.3433894894113
385.76536764216394
-185.78022757087842
289.80782007551295
-288.6643258806016
424.869007268235
14.280267740571333
370.1828147708834
559.3694313062321
1742.9780474110803
2772.3864047846982
5106.6087328097565
661.7208241861463
40.84747081858052
80.25845404806432
2754.797219851671
91.38045404226398
-452.9930251404161
-162.81484754486235
1034.9458298227037
-292.8657979614037
-507.67940747021385
-335.0476334982641
-161.5437466530085
5.658083734998286
198.35981651887207
503.68803931630487
551.9652439331056
-281.7104564404102
16056.410511432818
192.45426755085657
-302.83709071579153
-398.79889493346855
-289.34698552949385
634.5594547903803
428.10419713680153
-200.0198095704975
819.5498129434907
1309.3717212897159
-294.27866384481615
850.7574884799636
1687.7576576128683
1783.270832241492
-114.64798239232243
-123.59324912820398
181.97760934609622
4785.808209966494
624.120765359174
585.3457768763747
-6.041380802071956
248.31846406224417
403.6066044762308
480.22953578608224
689.0597269656735
85.87799600788213
-117.63909604405194
747.5365542077682
960.6849224769486
276.8666792661232
455.08271095658847
-38.624525796480384
518.4675032217601
-111.69112179485558
468.3458354928454
1946.7207393401166
103.56293306493768
430.0589941828059
861.6022974891059
-453.8229938720232
1411.120128979506
-591.736302705599
1934.1505169857685
1946.2109886213448
9918.286804680954
586.2109366109107
-18.55538734625003
369.47798418224664
-401.75042345750114
1228.2083861851
-604.906175811089
80.90224508723804
821.3944899374429
-73.50303111545401
429.3027797806607
430.0589941828059
704.2987741360187
296.0453969192093
-283.83115522225194
-1057.8821044852984
11.83711735867496
1154.0378063330572
292.3061363740613
520.5629797114999
861.2651286483573
-295.4759273915113
2396.020490537543
-191.34305799793822
455.1503972335347
-343.454385574002
180.49107696904002
161.36048911791465
542.0097662944443
-17.041263953810017
869.4915238901783
803.5968845218636
81.10347347353422
-314.51273648797223
-89.32614691413414
1838.5239915396728
-68.43779523685816
534.3256660846457
818.939896316429
92.62821113641075
-262.8348916227625
311.4984499692039
1012.3515046366945
310.63352497432425
1862.961612460868
615.8980228583448
-371.034793527155
-37.102651569511806
-582.2315404879851
892.6500122639608
181.47370069030205
5.9767681658532865
-209.5550132317602
-64.17451337175038
-368.4066185224708
45.676259566452245
-201.72049196009243
815.9008434175532
2466.387979554581
4196.15992203173
287.9900530707836
-281.6114878213532
-81.24692873172387
-24.046041053657746
3548.0633479435282
2100.2999599949135
-195.3930468084884
1312.3292134561693
697.6830872294656
8.932297912672254
-49.874486630965976
1723.7768949100212
39.875119676806264
505.6313701990332
1484.8678809436112
269.743027035973
443.6999563195737
70.34306918558667
-545.4364656460623
-144.82023427315755
-826.6683125883121
1023.8449328084482
332.5970323458821
506.7424488906164
11456.364183000891
203.77135991206842
-71.2687920890562
-94.17663448265773
858.7683142505344
-3.7067745896147812
149.01295430825888
-150.68909364965282
458.95254875997125
-169.8759621726657
45.64133195882653
1006.9207511360269
2270.0251098679614
286.75886328401646
761.2132997865748
-673.4052840962352
832.6047834730184
197.77057180989456
-546.1832087538637
683.1255905748961
2138.5596232177004
-747.3655121248019
-856.58487602522
-381.5855404487811
172.36309310024325
-107.75035090793199
-79.71452587120916
354.1430955299162
75.8699794191952
1072.9552221100919
49.172894454424636
18.028955832222664
430.0589941828059
-120.39104983381367
900.1463174772272
467.7568220113369
667.0483775927951
1108.0506782100606
56.611768748158454
1734.9069507065585
-81.83248844041589
392.44049472300975
2867.8039818613097
371.42440880401693
1662.7224118979677
398.4591877686399
-183.03645536892088
100.76498792007618
4101.543039448674
-1182.848055269636
-402.7868874447232
1062.5115362355268
-308.49818190617793
2130.7376641893215
-247.72113340865747
2245.141819865401
-446.6664804871133
573.4813333216184
-19.422518139419424
-340.71378016143524
522.0280668182343
-405.2814957166106
-464.0128655637802
536.1921654892603
-119.56131618641473
-96.88030024198224
-386.88273605315214
714.0963947872297
-61.12420006180889
-282.30249118517975
79.21401660490108
-176.27602778201503
-130.22067780452062
793.5073204201937
610.1745208893522
329.0101021064329
7555.1096776041595
165.53169464905113
38.419422626260996
833.9805073462808
1499.784239399723
232.0325868733845
1364.7730588949748
169.56697422057107
261.9554228031701
503.7662557504494
133.10511262832722
193.80555022563266
-375.9629000873516
5002.597480745491
32.96153030023743
-73.04555207498981
180.6775087333164
179.9826591966759
1170.280834311869
249.58464650799363
520.4218922638083
-253.87603379383393
-630.7555276527166
716.8252609247168
-299.4491898320422
1237.8824546847386
-333.91709338150986
-47.17165410368597
-387.32060574265813
701.3458337758791
-477.6474601036563
-130.5280026468164
714.7749033785847
96.87188188683655
1817.4672780447627
596.0127487761548
1867.5771191943231
120.96160942395517
-274.72179397355194
2189.7467014316653
-761.641086363293
-29.998408893970577
424.070294187068
1935.553565418436
2118.258286722777
-512.6579640761181
831.3794843326866
913.0139437496953
-493.59339648439664
109.53982368035702
844.0497632260681
330.348365270441
-169.68717721791893
51.017923792580405
-25.206661711939205
894.7977354787823
-88.20318802266672
-91.68502207632423
82.54352755572205
15.679813249978395
657.3816487936288
870.2951463203653
-104.34557712713615
-71.77090576725067
421.7336132318899
-406.2231313734171
-446.49135651675056
117.78656546291506
-421.6689925361269
691.017432860017
-588.0582835171637
337.95294163058213
-480.79855893161493
-596.7019003420585
408.58056308086145
-276.69618102330674
-340.31788464718045
130.78940233891842
175.67028194377022
2409.3674727722023
585.1050884465478
232.18073145865873
-234.01267665889122
1586.09605303667
56.550446782434335
-718.1743685520762
717.4755606107274
1934.1505169857685
996.9093955052102
-661.7300676359066
679.8822917670115
-163.90898969015666
-82.52552767529698
322.7944109283241
518.2400357095573
-874.7584564793649
346.94086209634463
227.53853397496553
-544.4298260961091
-348.49865572826116
737.5569829760582
-594.1806651539823
116.71810674013165
1427.0338241901454
920.8827997494229
-337.97704781104085
430.0589941828059
900.0262773246493
-1356.4552347451288
687.8123449298979
1450.5250149181784
130.70655564279457
-151.50869064649714
-680.07491733813
-222.7780461541612
22.037575059814742
-480.8767144466693
984.4466301147045
-46.077474575088786
-228.31162760787072
349.4267151850129
128.83013667642405
-199.13510292283843
-850.4940493678266
704.3669997982163
496.8500710547845
-231.08847527659873
279.50265377204425
877.8458386538422
1321.4493052877474
-27.248467175654355
-119.55835507713641
1589.9167738871083
1395.9709507043722
-105.48848579703406
523.520164068817
-146.5834990727992
5955.559944843301
670.0494820566114
-884.1503682801756
-337.97704781104085
39.28353713926242
-131.7198285163986
2758.2670008287896
-267.1043134213229
283.94566542549967
521.316704455118
461.84716267847165
-177.72900831960487
243.42077565785047
1574.2778665839626
439.2674056069587
206.43594133829862
-446.2157300744027
-69.88425423888953
320.5401874273031
1199.356380051983
-593.3809534896834
9.241448442933802
331.83538916731055
5770.152867846169
2312.9617882039347
430.0589941828059
592.5613029047382
-178.59365231712297
-193.14522246445392
444.7527514757856
-406.0391265836158
429.4866629172991
-181.84709065311438
1387.9436608513925
-280.94930749150456
1232.2080710986313
-242.5541631552062
-32.51380469713922
207.31170534843443
136.04797099137545
-438.83612997685657
525.62654365919
1347.5328119000112
1008.2862882427902
279.96507384852026
37.04797796729099
-305.80135917592133
-880.4861262702898
-414.4861987781786
596.9887167157633
-110.03090659468592
694.7907170629819
-235.08309394683636
-546.2242530992681
-260.1620150805401
-372.69136854262854
48.45963121685264
303.58814408302464
-296.88858110034334
652.1960989393908
1531.3015807771776
180.51057528376697
-554.8295149531095
504.27514589892525
-570.3271083506738
212.46548111257277
-44.49670634003593
230.4302971567062
-58.56807964474967
-428.10109961849014
161.29524501812955
-229.30805265429342
133.64142077679543
-453.1570715559486
1038.3162006708258
358.1841041202116
113.14138060038147
2231.0798357582626
4552.097901308468
410.2071651967169
365.1684410954462
6.772026782703506
-264.58653355437013
-443.3413401697827
556.3469233633616
3184.8909842418198
-107.13481112689897
-121.26176215272005
2080.864405919645
376.9947778676659
-194.5075817520816
-158.47869199696447
430.0589941828059
576.8318847704703
58.26701661756772
431.6241635422381
-316.3030019755088
-70.13696555528867
193.06519168090927
84.28380163414903
130.16896074980372
560.8942537906945
221.81436670215567
331.83538916731055
-206.33469873125182
-433.00170347763014
-706.6215074307231
143.43833222920938
5700.122164796529
-133.90430823247505
797.5099497840105
-317.0999611307409
-102.55487326933508
376.99402029024554
106.42869828279532
-36.42284969073211
419.06506656740567
19.05823416041642
2545.9998240707264
640.5742712565851
-278.77352160952125
495.2064890443846
299.84733468763187
-18.095829962971834
7987.468819671304
979.5136805804954
1268.8403342267065
394.96740570245674
-308.87984229745666
-508.42165738703034
649.9560283512923
1326.522823424586
-178.8321260636776
-22.278171223889103
131.28248507622123
749.6442840743046
1566.7122668259988
712.6524690603305
117.78656546291506
174.9715660062603
124.42514286949847
2852.339130606908
1036.941466087002
366.4849034975729
-166.8685687563676
4083.914038226437
1959.4253597456511
1177.5071253239903
814.2217944176678
937.9659018064795
207.52959353944328
-14.112663958867643
-382.0187367049499
35.613135047123365
-312.33018642024535
-208.94734535046143
-143.53618808775911
-120.63310862074877
-343.484357865938
-691.0284923524443
830.4181214790556
309.94298694712563
1399.546637679779
-288.74730459880993
869.6530695134227
-229.71693004509098
1810.6636793046298
430.0589941828059
470.0698419007591
449.89032730597455
226.67146607491406
1477.929353497038
74.73928171358455
-165.78704693350574
2265.313997448933
430.0589941828059
343.12710036338143
-791.9890565371309
196.9661117978215
-88.73865469629413
91.47252581689281
851.8019299400587
306.53666840225776
780.9757146208992
598.7213967808798
749.1908580803746
-67.0551330912387
-46.122404463965495
2122.7122605093523
1006.6798488736769
-285.7799476481098
-371.7398859167248
-181.73400699261094
521.2899920110024
679.5936145624744
-215.97114138202323
1844.5656536312244
697.8135264088094
-721.2928356169948
955.1289543488367
-832.8922720030323
887.3260154858995
-120.63310862074877
1687.9786868240374
577.4814158617311
1355.6932264039647
2725.8251914230923
1068.3670548251184
3115.3107880226808
-487.03203808425246
-105.64639437202925
-588.2910564748646
-467.62612884029727
91.47252581689281
1080.836710099045
88.61238463786839
430.0589941828059
1695.9404354220246
-470.17720259381167
322.21514653026594
242.80892613068045
372.94273932694307
517.2017596942201
-284.49388162310254
54.539041000609814
777.1781308725267
-186.6352564742092
8816.145586873243
415.4236298672267
-770.694949988889
-659.6617266380738
1011.2408998657088
1189.6720788183209
-257.45770456081345
989.3099680758264
489.39491110146764
145.3320717083251
682.6201765624656
-53.21208450660032
-101.92456522785335
165.2582946560317
-565.7414641380103
80.27499335951825
293.6061020822989
-401.40923509493064
132.43701420385685
-313.1966824325591
-150.5444604004913
-188.3012410498295
207.96230076044895
546.4315010193353
805.4717536504405
160.22122360236392
456.3351528106101
-484.8323222991962
606.8175005248361
21261.79110060479
698.4400699771977
21.896588480013577
-21.770972252847685
100.7565030455188
15.8978892668801
2301.6275638965312
-173.11182187303507
552.6875436749551
312.1154278395416
435.825582499766
1.3604738204452929
246.67426579544596
-70.49070482827898
574.1163878864668
128.5236204726699
58.94558259380244
-428.23706531473726
-34.49128026469543
-250.2821521823995
7.11922688373852
-1.984201767617094
-441.1427802236028
-17.473744921005505
237.70580915380043
120.62036847665655
-123.8221944942087
-117.02853320526697
551.9652439331056
-1116.6696251147632
250.20580349381234
168.41333799035806
380.8298833614561
-400.8675887706246
-298.21616168009564
-527.6381611763137
419.21204971385055
248.13918091985047
398.17979359887784
467.03009441656303
305.4074556674348
-282.58868146095244
-378.18787747982253
337.91158333833425
-81.8515440615522
178.16433053338363
-373.8214383059874
72.2521018572262
1085.7604284018996
1142.2414913892771
194.7170711866903
888.3459012468663
-29.799399560956658
216.90479952584553
1471.7289703378012
70.81849713759931
523.0302508974911
570.5078690611169
370.1225499443796
-748.859309670323
-73.20839613386323
432.6228245184046
-229.0966384819501
1429.9312764801607
263.9472388628173
878.044782726961
750.5695657614574
11.37575994398577
450.2694428864631
578.7672772335233
1174.8855867745685
329.5565784889584
-223.2936861535136
1401.2335627918605
1177.7250661311007
1646.6216268915155
100.07016658848391
108.5215785365196
-96.7818724198504
1441.1286439904234
412.4381549953096
68.24899509693938
-223.53248238848164
58.105647821913635
66.8451392248628
61.72556703945003
-523.8090649282957
264.2465259908997
548.3204982943876
113.53600528947078
430.0589941828059
181.9797306084987
297.90927967167374
1413.5846196016796
816.5762931615445
1097.5321503183513
-1133.079882959774
-398.0443593353998
1582.3830877141422
430.0589941828059
1234.0822670804307
82.78428362491536
3974.17586725595
21.954621179569926
378.76040795943373
-242.68715438189508
122.58494675527993
-314.7715242136047
562.3703198271451
2018.769063607054
1292.8428353247646
412.97910178002843
232.56167398344638
-606.425933539283
283.6669139279116
639.2994255265048
209.03635256182997
55.667486834595195
1.6303393892125086
-160.5337680934507
802.7898807380162
-571.604451166119
850.1523056890393
270.6266056417229
711.1674453803522
1675.9082264755764
-198.02908951215682
-34.50271345615795
123.10031099504232
1147.0398048870961
-377.6264883251956
276.60379646176153
58.1690594209889
-44.82299711980238
892.1128071477012
1271.2660011377761
-250.88970076418104
1535.9411312613536
-461.4952749372717
475.7243878740596
430.0589941828059
1181.4452085775683
208.57873002203712
751.9386830296868
1154.7607392705202
-191.9572795809703
-805.6855341240423
-421.87528591623095
-106.53406688960092
430.0589941828059
-381.2364286515825
2163.873391965723
385.5785717776124
7.885959215340847
-997.7332450749157
-641.3828812553929
194.53516708811236
17.867659526290993
482.52203306132293
657.426573170979
2663.79010940246
-265.0052774645626
336.19917865183385
-342.11005631337514
690.0928941264715
-404.95928754377303
-565.2386255044628
934.2289277447944
-54.49219079072225
492.57295089717775
1429.7203171583576
463.0989676681841
800.4885797429816
430.0589941828059
430.0589941828059
-77.07166205168181
481.4779197652634
126.25320764207487
136.04797099137545
-167.43481210985
142.63995286570434
1246.673094576793
87.72447869452446
941.5376861680543
500.1641543163174
-78.3534726803469
2515.3591734220518
1772.5879390525565
401.8946577601631
8335.127179480298
1392.202451084554
771.5834229050781
-55.65031637484594
8.111527528910528
-417.1919028509607
501.35983077328603
4.708120339142624
80.02494129838527
320.40970678497325
-151.21889505287447
3941.434763345869
131.1156536748448
5846.176974483627
-173.79616582715414
245.4583416077973
188.02048678089986
978.4989454220377
247.78684651286403
-292.12479902637256
-1003.7678596944575
670.6370189461029
90.2313438137557
1181.4452085775683
-47.067247454972915
688.8530990602749
592.6851611555692
640.7034385706702
2600.5071042192276
397.81470653352824
1648.5760092394603
-578.1583143621505
331.953267242123
12.795252480873216
385.39275956011386
466.56488561234335
-193.9896839430835
1033.2703710339565
281.96224080595266
1044.7934912433748
2542.124918628866
1922.5539229278502
-385.84633570986375
-718.0276049436864
458.8273253597419
348.8526380745526
663.7733529476025
283.94566542549967
-188.76336717064373
-476.4518479666367
159.90061419676613
242.6263252207126
98.7650253940505
-110.32242902199766
282.0622275681733
197.03704036155716
-510.0990245664426
-134.03244427884636
-259.80853716762215
-75.22392844858592
342.984130843099
352.34647698352967
-268.1139202192186
334.46596275099466
921.3612289597392
553.703516025845
-380.3628254281116
-374.1578462905825
298.47978254428006
3470.083952164583
1811.2247029913556
2362.1333815472162
743.9989500677584
882.6827667791347
139.69613081927776
1356.3146441793704
-16.749184742391265
35.51311679797169
584.7739442445371
214.46978544281393
1396.552069130363
971.290198315509
875.3390169441436
509.2820572919297
-4.534582547031675
4.285396580304564
122.46198393851199
1622.712528044907
-174.93604169258072
1155.4906735633786
424.42232669225325
2147.423179291362
620.1078357124634
1269.5258367219353
-24.35608262069354
512.7083082656152
553.1878154784196
1200.2619838219903
145.06667318841698
-125.7338563339232
134.92766281035762
-338.0011735258429
480.2785145975339
-338.1491482923258
-162.30735061569032
-595.7971112122971
250.28816192231696
328.8376132741334
513.3733877470137
-216.45826381688858
356.7043799717766
401.4964492024458
312.69470058655486
-151.52963406737877
982.2974825939012
1563.8931840571786
216.3281449160122
2435.44590908397
-440.2437844761823
760.2344281781668
711.0039542547747
598.2155846363905
3617.1593739577265
-237.48421985144796
1049.1051954254945
2976.1945468108624
-395.6922959305658
-415.6900177090255
137.59306001417985
1575.2683334467058
-368.9285372178058
-97.83107983857565
-260.07068875326263
-130.20580528867868
657.2825897433441
74.6933934431541
-264.0536098838545
-101.07632306547248
-210.05762220781378
-529.8316510809923
-213.57931505806448
-671.4986945843855
-245.57201254220024
136.04797099137545
259.4379918980503
430.0589941828059
-97.75658592077104
341.43005728389767
660.8426098605111
45.72279522729394
700.8401771792736
661.2544363604018
604.615231569127
-652.6522368409189
936.4921680340127
1662.3807507321949
-269.61695821962996
3010.8672449831492
1599.0333242636593
378.0170987861014
-227.74681341137443
-1078.7199163016692
-275.9052548376868
-337.758774110202
294.75125311064136
841.3597639588744
631.8507306583012
1031.4518816376763
1599.0333242636593
-486.19657883739217
2823.1223585201433
72.89569002772345
-81.32169796151084
1257.8173085974577
920.8921586307803
-61.92735427120499
529.6991153479124
-1281.1143794479544
3782.088100377261
1572.980434683104
998.1324548370598
-350.8735624187359
1573.4231814247014
744.6868268799935
-22.08589678596985
-19.830859958959195
-114.06866049627308
-20.280643898435073
2388.965549199279
17.674590370061935
599.2095484488157
85.5932018256376
858.2752017309941
-279.35753441052043
-575.5444002889874
9.351175735463414
682.0725215953439
-1308.8889973735088
137.88406219994067
466.1021281191881
982.0211226996689
2930.8501522606157
-734.1464225947948
-511.1859407780936
-238.66309207954362
251.41744486971848
162.7952657307817
-40.582546778274605
840.9102192869091
751.0729758983359
993.5263663082407
346.81901480758495
1563.1454934742972
-260.4563576291516
1380.6087750049364
-179.41586848648603
1010.1945282392529
232.55023876362304
1280.4763071573345
255.5438413587781
1790.1544847608352
629.3560058031744
-189.66086389591646
738.5473165139591
2891.9807571091415
125.18305841595941
-383.8772563714349
1008.5967859833502
1254.8641561376871
1297.426586994662
-308.13903921841165
-605.2414470642007
-1169.9350067160012
893.8220572484652
415.2390183206474
334.9454073949627
173.44978567329917
4602.5694558000905
4.972573968743063
406.1126664378587
-236.54670921007596
-165.98012105604028
-324.6817041280956
312.97866632255307
-192.86955202608362
-461.5774834154271
196.47437893018582
-118.59023051934821
-300.34927660489484
1172.9118924465288
190.97068414347405
1589.5822991138696
484.33832103874715
68.28858060880572
438.7013524485574
84.55274999617501
-117.083396352509
1054.3755867178795
-884.7443229058872
175.32687182003573
1374.680328282633
900.7469265482036
482.52203306132293
-807.9662402785634
16.969550015075413
-264.09219743384426
814.7485364018821
74.33488837570405
56.54066499407247
-589.5038652629632
-305.93861936175506
144.63076455825393
2163.9555962767126
393.2439228660888
13.465665538405688
1636.464596497277
11.81449181691363
338.9958496096941
-177.03093437767802
-457.17750439068936
1848.2701378269264
857.8531370771461
604.7628967924259
321.7010267878545
-7.265565060893891
85.65930673646608
432.47443801906167
-177.12439200515678
430.0589941828059
-200.48979850052183
203.41189467522986
-158.48021473079928
928.7243959094108
715.8509130870314
406.70977997109526
3526.7695867173616
513.113440433106
450.95207256176036
-312.3824625988507
-325.2966659734336
-293.797614161978
1763.084393103267
430.0589941828059
95.03249723280493
524.7202679831946
699.9310968812542
-30.976511246196196
1555.5485224823144
788.2576287857174
-775.1277821193576
401.76444937133306
26.36193008048832
-43.653826257659205
1556.863178756328
2520.5392977826014
75.02423555887697
841.2320790665187
415.81176818539245
-15.694054343453331
-49.14615735724158
441.4903400735104
18.462735089304033
-107.75035090793199
-162.25460213248266
198.75666912123768
430.0589941828059
229.70751052039847
-807.2931661211519
762.0092808619906
474.2090764151665
-745.5482355417059
-481.2125959690659
65.97851212953765
1975.6975979154226
482.11854177246465
573.4813333216184
2918.9244738657744
596.9887167157633
-292.6913039375263
793.8287681332487
124.8546615093324
766.9507761676189
2345.1129534669935
-36.86791518186419
378.41580750023286
-102.1470446356916
5640.657141079129
169.88554957609426
139.66025172740922
-679.0622054142787
-405.30385113086356
414.1870955271832
795.0114214743029
428.96777334588364
565.1355146012384
-315.2929149925584
368.4301499021395
368.1423957762066
137.91028813818775
-11.033057313332108
26.73525743147883
9422.283259858188
301.20400123056345
1233.6034689032176
-25.06352056675496
619.432629185884
-255.28492095859758
708.7405186829147
55.71692327906004
646.0691882784439
1253.710915457445
-124.61019420030038
-140.9545910237514
228.57500234074342
1484.2002098578928
-226.44015758141325
-134.85711022639498
259.2428489733725
123.41700555151192
-1669.2568699922865
-800.540463183753
189.91011113172357
1079.3249870136428
218.5507267050175
381.03061196031865
218.07693364530036
71.01690033879186
-323.0420249850903
1840.1101086225674
1118.0731504493294
605.5329205348994
-184.05066524876918
93.03202503891538
188.15699255313638
290.94687211926623
-85.27300663367771
560.5564316271262
789.8265046773254
-447.0609107633204
1088.2236115764704
181.11451996342635
660.119286315538
476.66826056961884
-534.0270649645761
251.41744486971848
743.0240365829551
2106.6182394980024
302.958367213198
339.85768066507507
-69.52762195582261
432.7491677534776
-960.7809705921879
951.5510646209652
-731.2417074471985
-331.4685949234969
-25.603584594489064
919.12762043568
515.9909889375194
1181.499731769699
-895.3334061283604
593.0424738732016
-135.21131120716757
839.2830804098676
-175.11303893934758
-477.2294186223994
-732.5054009087733
-372.1874223848705
-19.00294823344393
-35.274905830908324
69.66021427097604
-148.39740971605522
5641.546256920068
1499.5031420119892
-431.44522745656536
1048.9913837458005
666.2110787418242
2162.7799650536354
-267.22168449714627
-220.88644166490155
-117.9381861676103
37.59534555347835
889.897525195958
-478.41641513620993
-362.97995861017944
136.04797099137545
-494.13176697079416
-804.321992259938
176.11362358452504
-27.86732312100321
808.3571377606852
4.827184463454557
-276.41659076481926
177.95848818742184
144.50637149904992
-147.91874715145332
67.08690264274713
-56.65678678004184
-404.4250812015539
-167.4046202138652
-667.5268902768855
193.3621607975129
702.935617254702
-277.47582194349616
111.44804052329306
-669.0293833646369
-692.8398770723393
-429.24439060278416
-211.53838297962443
742.1419790404991
-194.18443156002513
-408.97783551617954
831.368604232067
-3.7067745896147812
1655.985082189001
1271.8492055135866
-211.76530054091018
430.0589941828059
565.9745152302194
3.021983498384202
68.28858060880572
-460.04849096559235
101.68815246343598
548.1073142333984
-838.4570715866714
-38.37449118899144
84.10446736828311
399.8397203242248
977.2931963265839
-215.7654570971929
1236.5970601728422
-255.06978371241746
-1028.1761434837827
-709.8093769959471
978.7670566303265
-222.3805395294188
188.91325385088857
293.9042940346138
1202.6032321850705
-457.11613697275266
255.917742586409
863.1281579443842
-727.5140043733004
-237.4359319278799
240.71399630485126
820.2240470366164
21.344056724680627
-238.2730488395166
261.83110939990627
-215.31564788121557
375.12100291412884
566.9354236027311
-96.4752210927868
-517.6476845899408
-561.5428658272268
-607.4689090024403
-377.75907597327387
318.0311476357776
443.56849593048923
484.7318400276045
277.0176394720565
1284.2297269490425
-159.63926519098186
-899.1119003348465
116.10189991651072
-278.1648999689645
288.8062619079527
206.41036876466254
507.8331995486375
2703.805866129146
163.20131574594757
177.4374147007664
705.8062323565941
2467.8220735579116
172.790297161034
188.38469413546045
123.93073815786624
573.4813333216184
-42.94677850204977
18.02199840766275
-382.5090799886634
13.994840455548058
330.14014355024915
832.2019639251981
3.1597384947236833
1132.392189301835
1479.4442965021806
435.6970345667795
615.8504746551864
179.78570415952754
400.68927746416364
704.2987741360187
-501.37016273300776
-47.49650218793727
726.829460248608
-354.04940647963974
1080.65486796506
13.657157998785465
-142.27798091368732
-384.709294024424
2.7149466357522556
640.6577792688856
438.67973312075566
119.93026264586854
-85.06785315024251
612.2341300312589
132.11276300075792
832.2019639251981
-184.59467384767675
-76.24077796552018
1255.195281169517
228.62028960188616
-34.04480325802814
596.3603709891568
-261.8805235213581
1.797949129071469
-231.88131879903392
1768.6202163610872
1142.514045345035
-50.435902018613604
561.414819516458
584.7739442445371
314.2007341853776
-71.52816173216758
-219.98304194023194
-326.1012421633543
423.2920768483738
1247.1277656557338
1021.2444440562365
-517.1434468073737
2292.4240400955605
-135.0986612058499
392.3315050009687
1289.9115634817172
169.3472978167124
523.2744348364027
8457.422929450491
-26.772476967711896
2069.659337027764
247.79953793672186
1439.25811285415
-89.76152896799613
3326.202059747772
949.3452660156964
-82.7534020578903
273.40227420500867
3803.3628645646577
957.0455137454799
1021.5474412642172
-21.473752583482735
-213.021745938648
-394.9802825736805
288.1440950637549
795.4424371152909
1081.193755180289
-89.94300270976021
319.0784168688775
999.414924213552
52.19227974188436
164.2785571089783
128.30706909096568
-358.9147908113755
64.15700152538557
105.84539453262198
-42.540762544352674
839.9434505169419
425.22533789874325
353.39311792877544
176.05222823035353
91.48464191535334
-561.6024552998092
-867.3740882985219
1548.264646679634
-227.26098619979064
114.95987815106349
-355.1702612585067
-772.4971394922882
-149.03187047538825
83.5341154174796
221.7039353223922
2402.0249201612096
1745.9176066293228
-867.4958674728391
216.36468274813265
-548.3663765659683
-1050.3663858798238
-124.28557870475879
2749.6670041854595
-296.2974033127989
-238.91021448294373
-21.625632613071957
166.9229453078583
158.00164237514412
78.26360190258737
-792.2215029937502
-125.15802317052908
139.18429800273032
3326.2333867302414
627.2246513339234
-273.76810498283305
219.49481785270717
2115.0043389506063
1950.833999851798
-622.6918299202507
-146.03628912231238
6593.369028361603
463.0824023229745
4849.8400165893945
579.4400176588279
294.9416088186228
5148.6013352723885
185.1498738458523
1070.5100843796722
519.9418876573163
862.0170080246885
1288.4355083149921
320.7750224760855
1946.006937572392
72.4502154105902
-285.252209310196
-143.01976138614793
437.0815332397328
-194.13419339428094
211.2995456038724
554.7482861317933
-297.1276954989819
474.6373467673882
214.09056390861127
-339.6055797740952
-198.52480195532314
-110.07553485390758
-3.3020334268740044
304.3125647285149
143.38885431072254
172.30499291225118
492.9074507235324
-406.58584587717246
827.6358420398983
120.3251004382102
-368.78139976849957
372.28717024966056
871.7196965312892
607.4090479269335
-509.56933967570353
-292.98876974842017
-139.4017515467233
815.126766641689
-81.95536713331876
278.54398633599095
-93.07571591693727
31.52443340660392
-390.89511286729066
584.7739442445371
1893.8670971830895
47.44428189586887
205.03899095188655
-274.16145447357906
-617.4027308649472
-99.84009935371216
-302.01055149665285
138.48609057380054
1294.8084527114816
8576.368638160375
200.48826493924267
1046.2738805853821
-144.83077642875082
430.0589941828059
511.39784922591116
957.2374164106182
379.308679635248
99.87660020097434
1003.6070766810434
564.1184443412516
28.294869598497428
-183.48620654573483
1033.1275032791905
-174.9724152797903
1728.6659571756736
-547.0440627648072
-180.87507295562364
104.19230163949629
-48.41699890518038
-27.782025250832703
295.64877231573564
430.0589941828059
466.1833832565916
88.49899888048111
777.494340665208
-218.98542974142458
1629.787200989246
-254.24419194818665
-223.39740508390616
1680.3503664958073
856.5280897942665
1451.5200978114315
-104.34557712713615
138.9420033374695
146.65872328836969
18.16784323367108
1291.9009442188844
1594.6877745696017
-332.37271934710884
430.0589941828059
-929.2021375533404
58.35265011946154
-144.687097836843
783.460562822753
731.4992567255428
155.40812493533122
-222.66381173498826
706.9246450691342
-272.33607319886664
-305.84215444245945
429.584388007307
1373.7109805430246
-400.73769288442577
-637.2862632963306
1640.1915416962233
634.9253255806162
1037.2940395533512
66.57119752634833
-274.5979994771676
-313.2537160672671
533.2231984984127
-524.2941100185145
-3.7067745896147812
808.1043392430777
-319.6788937839824
35.08594023227084
947.1890485737938
-827.9483033780969
-287.3347451270113
193.79932160808835
227.75780250018028
465.67203683907667
-481.8415474508446
-337.4782958741637
-107.75035090793199
324.9984281260866
-136.74240048530828
539.6241172006373
619.830294114447
538.2614300308758
1904.2529795020916
781.6809327555666
-413.68954228834184
-12.478521498034581
-13.19461942327871
-320.80848126011074
-19.33636339713763
-348.41795218963307
-418.37792655551516
340.0073732062306
1026.530763984027
990.1606900925849
407.8531351232002
384.3942662136624
549.8510247078295
318.964669041633
41.691626955752156
430.0589941828059
1464.8934855704085
801.0410514998123
-173.98293095781787
3299.627388047904
39.59817445211951
-521.4594149030607
507.89536147284844
2782.450356801224
504.3458318628809
189.96933467882425
-86.81547185993259
519.2792099787091
143.80917186328043
308.2727532731146
114.33208086917665
1700.797548581049
416.16378886975076
144.16072256393562
198.73898401795896
1064.8580005240713
78.87525070492228
-305.0749450426533
-108.05435851275445
-230.12815317558386
-352.2431556505163
1598.5775614761346
2184.2958987083994
2140.0800733282845
476.2401685490947
-339.7216581188054
-530.1321049902593
165.49349488194002
81.04661633292687
185.17315675978324
-194.94231259937078
-2568.5962318899055
362.99537571778876
618.2145993575333
707.3097524828984
255.959912270335
-123.00208237775223
-205.6750363949791
82.7425150170464
336.2575734480542
596.9887167157633
250.3701339029095
-156.5798235526113
847.5580127856789
-482.2298142825165
-362.74433688325144
855.4755298780543
-401.5284998833572
525.7186971092281
576.4944010509759
-20.17758065086474
394.4721139656188
-154.79084525018698
286.3242469116742
8.527158030865394
1094.405753364455
680.5073754191311
-29.091574206758878
398.37915102313565
-331.7149031966934
348.4498476975942
-188.26407697571847
7834.8024016071695
96.19252020235069
-39.893999939321816
2397.628990040039
1579.671989825265
727.0573665161492
2024.545928030925
842.7164604216584
463.54253101328146
287.6764303875525
897.7307834775925
-212.33223988983627
584.9651290111881
-43.46382526228581
140.3247083881963
875.3390169441436
-236.85435694678335
-0.4900684426070825
-86.93619816291834
-209.92031472948622
148.99736703756116
-526.088399667847
-757.7884460206337
208.60806290645516
453.53513561158155
-372.55208417903145
162.54868526589883
742.3010883220368
98.15379562511498
269.314032117176
254.53449005083382
539.7077972151407
993.9598813290027
1488.049690732569
2.210538593067554
412.9418364588206
-12.584950711507759
706.2830354571734
358.11611140321105
203.2686193143757
-330.1817979636869
920.9096242526816
951.4427084559093
-101.4059639355686
429.41858060434595
1245.8295370850033
-359.56326471352793
59.26219076943602
1962.5369072418011
430.0589941828059
-715.6031680790534
-136.9564875241823
869.4317452935945
2384.6498670531632
-113.48341957229331
125.26298218448107
69.94267798983242
1110.054023110089
2201.5312089034487
-274.23024557651024
-184.25393370345682
-411.5684166372371
175.32749127446482
-312.01696771291654
58.217077450079614
763.0350241505982
61.66618908330565
288.320657572596
-795.8181798550395
303.58814408302464
235.86203677170425
514.7814422606796
-341.28090406309184
177.47963302992966
-225.89193493190464
-548.2099953868365
358.08682709414916
3299.627388047904
348.8526380745526
-111.23177302204829
136.04797099137545
-417.3321307242355
216.8397481134371
109.43974216890848
312.38934082745055
-200.64323444704223
-167.23195046318756
980.5364776014367
177.96804868833803
327.2859237763495
680.2273875848708
1394.7501914987356
75.56845767099361
719.5918749350503
-370.89946619604564
-97.33337438334365
-379.0037673288456
476.6145927696886
997.190262054698
70.6050543023706
29.389614490811823
-2.992815211358561
1651.029952651378
-139.3726498798228
709.508960636352
483.57195929960096
327.4097257095401
935.7884323310916
1822.9588180689295
-524.9303828851034
700.8455824281156
100.7565030455188
3248.111685701325
45.524607250010206
-178.63310863169113
125.33361811767043
3699.420977099634
-402.7515885009201
864.2635142515007
1307.7719310037683
234.11144382138087
449.44615991268114
6097.018418728778
48.45963121685264
-325.24212806010553
-296.5550481361515
134.16715907092862
-445.99393852543164
1163.3234786440066
291.20283271551017
-172.63936908592268
2051.3535257081226
-217.1794275607008
119.21489048770752
1875.8681839767796
100.7565030455188
1361.4011487104553
-1597.2367867924556
-91.87682840241291
430.0589941828059
1420.4547242804279
173.08167361414763
798.0212005887968
556.8585942400894
1865.902968517496
-457.19446087891697
1214.1564093485003
870.1163891124105
151.58238961337292
270.32900339424316
-63.61732850008917
2109.95668915848
-78.84162845796357
-406.84321566298127
389.6621796484031
400.36827835349135
293.14698599501486
-722.6297916976193
36.55230584838512
63.470540432940425
37.44504492819897
1757.7084358473494
257.31498532359456
530.6478076558465
436.9562555378719
538.3996541813002
-194.37768337356442
146.02500054177824
-31.073868635404153
946.8783294537149
-28.45011536022389
285.467272975829
777.7644957821003
50.80676630348847
-261.8906985885585
265.82295752274683
-1.488445207564837
1129.05677274567
744.3499399860365
745.0457478249455
8726.55936154966
-749.2744290699052
1416.6887137167757
219.2756427256256
2130.7376641893215
365.86917908534787
803.6909775332027
252.8464762099882
1183.408617051364
758.7096289072476
-384.1206370282305
-597.6799486153252
-125.88417209479917
520.542877456559
243.8620166184996
432.56929707257456
857.5870082261872
344.234618867599
-97.75658592077104
-464.602361685466
1744.3220127164357
430.0589941828059
-595.2786378183575
98.62236383450033
-210.8705739049417
522.7570345677519
804.108267279614
-581.6712501408994
6.714049978159949
109.9355556476745
132.12655529507242
-513.6782151823165
875.5460679621376
749.3441510767198
4.648711754655608
-1359.738602911091
143.1881942511858
599.043064677716
95.9796087629598
916.2047601659117
256.8436576838179
2591.293103587007
322.68183676026
-542.4856356866657
-760.3089860903524
-37.08595623153843
299.68043242454155
-128.96154507319318
-152.41898156437003
-89.87651389333769
594.1766596135234
646.0644585201115
-39.535245353871915
-555.7581482743485
19.034900149895066
-62.52514459316228
240.63269552590612
-67.08365566655544
421.81539156748494
-294.57676955820125
435.8181940006449
2495.9781423344302
-299.0366555110013
-8.921063274762105
592.4488802115134
1170.4336659973392
615.4173198206514
258.21857972627225
-455.80213089027825
182.12870793450995
383.2931953274509
810.5537967886738
-19.830859958959195
-80.28509223432354
128.88973296978753
-1119.3578523261608
178.03147734544822
1108.1642166729503
-246.24840973109326
-22.57038980753589
7188.665888592535
-369.82971580454443
-46.871113085906075
59.81191218161729
1316.8439210937377
65.3926320494727
18.462735089304033
306.34457103075533
167.66975290133905
606.3139522259814
-137.85939531891017
-892.7485756283254
245.39674007115997
-568.0401551719922
-134.48052132298733
1212.8280081949072
304.34604566729604
574.4991852187493
164.4323809531665
556.9832615083675
369.6840822609915
1184.8305949804849
179.33637071217413
280.5411989083732
-538.9485372870128
-597.8314629025915
619.9626146046198
1629.3008996989756
79.97471957054756
85.1409158360508
117.62033362435147
-162.01616119557298
727.7815927177976
430.0589941828059
-216.77146739690193
156.73190225688802
1284.8262480148824
-74.0488959562714
137.51881764424388
-68.12042500458006
-726.3543258460834
347.8344210964898
866.4178049661988
385.3212448524782
216.30515966188867
-35.20852918374277
-461.775838516253
-375.92726170607784
-288.94439665708353
7159.784392218862
-422.70656036106755
158.41364110600466
670.827091839812
9.81856089967738
401.0185868749462
271.90344172991826
1558.5437895537054
-402.98865334487573
454.5401021907717
-68.20224199968612
898.4945361994492
431.8353930378923
3143.1623109407547
68.28858060880572
324.8439534240862
68.28858060880572
406.6135430581793
429.30236574847424
-362.65738560391503
25.68400410673661
-1101.967256569638
1992.1796614153498
-916.325430303666
97.07042991446247
33.27573941529141
21.475283257550473
-522.0251299969357
-319.98470202415285
-308.98634817038214
2184.415723327804
735.6999347290008
-203.03562422106586
277.1570376048571
2.3948500198430906
216.4557942792488
54.121857174545994
2044.0048165673895
-193.6770491301047
51.56879635858354
-207.33578388370415
752.4426533802111
-294.5591740384133
596.9887167157633
157.34280520259648
-526.1464314978998
-98.29408415599733
-375.5425774176588
-84.66425223080523
459.78554835226964
770.3826284445911
2602.0090994871316
-661.2878886789968
-38.53540399061342
704.0626171400177
755.4044239453342
367.393175325946
221.8157083002891
-1074.7617584403083
1138.0458013493653
91.47252581689281
407.68284948594896
1045.6001524159938
319.26391761592987
429.7226743117527
-1772.896962494134
430.0589941828059
428.73862354621326
-193.47455089849643
266.27750225272837
1404.3641304689781
-296.9588116455486
741.2872381595132
189.11772938720068
-104.34557712713615
156.97958011195442
125.33361811767043
296.56948135212957
273.26766162768
1044.9288902124758
-527.1612046438629
-177.1327198637523
748.0491621176849
-596.9404565551747
925.6322169905886
691.1155364848682
157.9933829417094
-3.268053815021972
591.7475459627433
591.7475459627433
247.22031318219064
738.9621291377412
-130.22162441936007
488.94253289425023
-48.08429641434276
-380.3150950700102
143.19192384961048
