1137.1752018751613
-49.540472151524796
-279.8502696082912
1167.3437059021742
683.6433615879407
324.7584960023278
4187.636031176655
-47.11231079312779
-454.0602069769004
-506.8750290559194
-905.4882945759059
993.9227673112708
-61.27902999163257
476.3885975707665
-745.4090397590464
-294.2725947152662
-74.58588372707516
95.12033146750537
845.6607078649158
667.385413683071
1463.3116963053567
683.0333069529069
1170.0205357720504
678.3216929769478
-234.3075873875406
87.35700880412548
1170.4180192809247
837.4300882862702
-316.87987182397205
96.08093246302519
68.8750425466344
24.801707977441424
1590.1525077104184
301.2291830443137
-165.73526084878245
7138.580914473703
-399.1056546145112
-724.3597608417222
-1148.4091294136545
-50.93435316873297
474.6816253120345
1034.326040440003
1253.6809884973115
120.57740485050613
1885.78539430069
330.39346570975545
79.77980676158631
1236.657294870709
424.42022363528815
757.1505640219384
2328.980839738416
-493.7281535282116
-75.75473309695303
582.1733066708651
666.6180334981044
-206.68481293026707
365.114927807199
4010.2565944747607
958.0350486955476
152.41063925207834
757.1505640219384
359.9880773221711
643.7556141233063
757.1505640219384
1159.647679383016
1820.3796062381184
1439.0445860143818
-173.4025271899684
936.0863498194083
303.3964755968733
-163.05336035182597
-271.3795802395807
220.8870759258665
-425.2405008072476
414.12915589307846
832.1384501215033
2351.963973215205
1995.0579648620903
-162.87537013107442
3382.7246330795565
1728.452015283077
-164.4067714289297
-82.39901424607433
-1343.753056392955
-682.2568983397052
1120.663787581664
-103.59487513651095
7976.616554422547
-163.32499951310842
-122.55619771536362
-291.2827114490972
364.60189592372444
-1311.84629935265
140.36284641167776
-314.8216346490133
1920.1817273500533
1137.0003654123643
-296.4760938456877
195.90553814974146
84.4731476884017
176.08124291438094
-210.3889387490267
3386.8649356984174
517.3466300018644
-368.798687364384
102.33792745996891
-583.6613129169139
1359.7143029669996
975.8144315919396
318.38677515081724
5052.231749680692
311.38318706443283
-264.3426043393508
-897.4448889958089
125.7312952620872
-131.70138008099605
1286.2207578759562
-69.85742416694598
336.78982766529305
145.53909534642708
799.1045777793117
-15.54603688676832
560.5526739083386
-77.49453271465336
-1166.0537360906037
-515.560021770561
1128.3574073219888
206.62953821202734
-287.48405324599435
599.8603005068314
594.7068232800608
1497.7407241176265
1718.2172339264712
619.4297925520633
-191.94993754824304
324.2650532737681
4205.900852807172
1200.9821345344353
-44.94833873233301
83.81531482714217
19.60065173322937
-228.99460182298378
-867.9173315776427
-535.2736100736288
749.5419103794143
175.25299321409545
2320.843611906107
355.18403503460684
1236.1255276848242
-109.51935283235025
-296.7633209537057
-202.8623032564475
413.34177740368983
-457.74227257340726
999.1932876490844
-682.3602697421056
799.4184722215249
-316.12341061230563
555.5634337281284
-391.1838989542805
116.15510575739677
1254.0332170265747
-968.7374803308057
-47.17835731481409
-1329.0340612229475
1087.135609271063
-147.47989538870831
414.83130387216664
967.5906073866724
-29.335437947559512
-363.73466788987685
700.9557726285973
-522.992848710292
-775.0445100231163
-514.3639110044753
306.8550383649716
557.1633286756867
-22.189307975493193
-264.0214825855305
-943.4134987227621
-538.9148333940138
-544.5498791449063
-535.0721018402519
757.1505640219384
-601.6063981779382
-1394.0832393044966
-524.6983244364326
173.97727027841916
-770.808044911174
1154.712156694282
7373.894821978849
-604.3271795412802
-47.22558812717557
2552.50954567967
82.41066782344194
2672.627457603656
1031.8383129769147
-353.6229097253922
-779.9503763594446
5647.243448458457
-663.2334561766181
-947.8271100795412
1233.8466241518652
65.6199822201994
7373.894821978849
248.07919456428618
1436.0645654585996
-515.8496519491423
615.9731983313495
611.8487897971927
133.40002601367314
-1430.609550256399
237.32584312204676
-672.4507194693231
-243.86626989317006
3936.869889332016
1815.4096278364282
2047.1079410372624
2939.362196093384
-291.1584782973289
-178.5182516518994
1022.1526319848039
972.4524575648609
-1013.4419610561229
2689.3380442692605
5911.531525747756
336.5819374167294
-196.28834659518668
413.7345710971049
965.7628292053943
791.5669669915565
665.2033913938235
495.02029468596743
677.5380987389193
5342.350776340176
974.7826816724541
-584.9591334777178
844.4152899206438
1110.535997862666
-527.6564924778509
-918.409409914535
773.0579868109467
-213.6676502037867
-468.932032590812
-62.0673997886322
-176.18498244557782
-509.83042580263395
1979.5805287672094
131.9600720584151
271.8856530567433
-59.77110184734465
1775.0927632989292
264.2607372430167
384.5692787873081
42.706578795567566
857.8427111375998
-377.61717184565873
-423.49863265865247
1509.5261849979593
1421.241044033709
193.84928542222883
437.4904142843902
204.01079221822351
1152.9298251764394
2860.669960440148
490.865684123821
-326.33856180136536
-237.00845420372036
1023.762776187136
-209.11122687403667
1481.8921040399478
1956.1755379035474
926.7810248059119
3253.0106554086765
1190.6467088211612
-471.4855579813284
1742.0133009931408
77.26983426872391
-213.13976272317836
684.2618919397851
-1650.3750927343185
1380.1553507370816
-616.1361292981462
467.9726675721239
4824.4233104474415
336.9063849038289
743.4246155844527
1244.576693684076
819.7547897353757
110.28416870504589
-427.92439996163625
3331.858074560423
-34.86044671557306
209.32114483918463
222.5655962569915
2690.8495718536014
3803.7059395448723
-1040.8844978712614
263.57977917309677
2009.4357080232169
415.22535272044547
249.39440153945674
-114.22785490538786
-424.3038077288377
-311.79525414575164
591.4593334446266
278.99914002081573
521.5171056945002
35.06408991974672
4090.3509989584704
1249.2647970825267
70.1177670978509
1602.0210339233045
1058.8478751555153
626.4637458872668
-706.9740256279124
-380.4828445254475
136.26156278818678
-808.2714716535561
-124.18053901531687
-9.812396598985515
-1096.3699507010604
1483.5360964580404
352.32516990466814
-848.3744783037873
82.41066782344194
7267.939529518685
-827.4646530363589
-1321.8176902975715
-137.35409996563783
84.4731476884017
124.16974295607065
-438.97760206949624
-180.52124075203574
58.768117198860296
156.82950127148342
3202.148260074376
1744.7091273291746
1010.8992076217871
-514.3966066303842
-548.529029489013
-337.1244488023908
2618.497094538244
-302.33331003875196
-271.711913667423
-294.0433630041309
-1038.5299366069523
1070.8536660062714
1166.7974803371485
76.3160738273757
-291.44369062741794
-301.1923600150344
248.02167022505012
-1375.4842037073563
161.66950537001753
1633.8186246537816
958.8410432227688
206.90627881362457
565.7532036817929
2659.5199035658297
-466.71468506630436
-382.93391323403443
-407.89823871944486
-303.77320464908917
274.62455873157506
523.9794760572721
330.37411779164154
291.53582925137346
-388.88108406019364
-484.74993868097204
-76.34144507402755
853.7491216216923
-89.27977064156289
-87.1493620647359
746.7741836256475
4108.256539677754
136.12852335573507
1616.5523807794912
1092.8199646280768
-925.6045947564662
-71.73618277367439
513.0167304103721
-788.5553873976107
-146.01113170530982
-215.02516309109217
-244.54053254932046
320.62829168991414
787.19686576
836.7323903790947
572.9749422125051
111.97550187228444
-1412.8402280185865
1046.5212908849971
-656.3232957389266
-409.4242083980582
-755.4237149333276
2664.0129598250696
-412.2960625897208
661.9466802091484
599.6217144696416
1293.6193025766802
-1125.5719764058251
-200.92171702648807
411.0798959242752
-295.85162316753144
1834.09368732424
-570.5179935615008
3996.775762347901
238.13391732843058
457.8785202327122
283.10360988679435
1411.8664420828554
1225.1590499963236
-128.73422315049982
284.9298482612972
1673.182436545445
-1175.4790751429987
1688.9951903556357
8221.926772733026
312.1593879174712
960.0452409281515
-839.7695877381541
39.709283340314414
-167.18255343186695
-597.2428983961299
-204.2885873079166
48.06670883608729
-464.0417123372788
25.15630510139181
2387.4924180135645
676.3760249650795
-89.10107143352957
-232.02408079043948
-393.9159658716926
1170.4065697935594
751.4027106631584
-239.83171261027724
800.6202783981751
522.6886125844645
7560.534124935217
-252.8087735943892
-149.17762518960058
458.60685571545105
-728.0158991936992
-362.80275017871327
5215.33461887801
757.1505640219384
1143.0270750716331
-528.7187016082557
-807.9666169737525
210.30717942182582
5911.531525747756
-345.27194327670827
2174.7030374573787
2183.8952929361703
562.074186493952
836.3016578173816
-465.69568833307835
1097.5152998340425
2988.790246516737
2191.6455237120526
-255.96010616863623
-633.558842080623
-344.7303336026248
-96.08304484270593
-894.8821516461301
2294.98411220448
214.9609122574592
-9.962986910154314
9561.364684551194
1098.9526317225045
-327.43199010096055
1237.846409306841
1317.6616512065439
1688.8768965841543
-161.9270154790305
734.4913681478248
1762.995478077737
554.528253701543
-1030.473889135758
921.0355810846768
684.6926782541461
-712.4845122787797
2267.3282385842194
853.305424596628
-398.78304255208786
461.88028632816355
64.25319969897782
3057.151015796732
-719.192360387902
-686.2069827068024
903.2581996798197
372.0215598137019
96.57356331428775
-558.3316582692191
-472.8452514326707
294.8941302813754
-242.38603784804877
393.87271694590834
-28.504636367716216
2303.340078908413
-180.37097936804946
223.43921537732558
-767.1998733312623
-929.3105573711125
-166.48219919359906
444.8494373813037
1383.8557258488668
-13.947868039298328
-94.35141537040954
-935.4206846051202
-742.6839613247489
5870.998878529291
-1567.4700787673437
449.06355877710695
-626.0950661230645
-374.0620740640684
-182.26028628952065
-577.7430937574632
1203.4338954537834
-1326.463802158819
-72.86100433965112
1726.1957891839752
-622.9769119004004
32.71607389121425
874.3217021354135
219.62505984340612
5734.023172391481
1621.6021579758553
1986.3375837757883
349.86069756501297
-83.74204913133417
438.6674609461829
806.2347214388894
-421.25702737273673
815.1299552015014
-823.1863500029833
1378.0777174522784
33.40924486260474
2346.353508755509
-1177.0860919971783
323.76633152637146
315.0155885042026
2796.5676871594806
3290.3133342053884
-15.247659111886605
-984.1665436626415
55.545434390568516
-257.84472900433093
329.60746957493666
2945.9248410121004
203.30421673679143
-176.6044119338335
-323.65846855778614
-333.0890995453726
-1608.5099400963963
-327.7544864545589
-144.75561819578365
717.9425564788414
-297.7479320053926
-311.9464806237163
1262.0772650947217
-826.5918893007561
-469.13827558077037
683.44137223823
-311.73087491716024
2462.6521947892234
471.82263233864495
501.20692916385343
3234.2244101341034
1095.3294833354755
-506.8499903383631
-124.79756577109526
61.61807417872012
-22.76557049435644
898.0483996901432
-171.80101428623425
281.3825323671906
-437.76542721404735
70.12345667784507
61.658626592809014
8.861646068662935
1709.316789850933
-119.60329791814377
1444.5383785293584
180.0562555561994
353.59969787008004
-171.44579262303762
7905.187024489997
1291.280408184935
-483.4411614772084
616.0425616253619
842.3868367145903
-10.895701683798961
467.43784678219924
582.3140009100615
2061.1631225907086
-15.00701308990756
-220.07623878693005
164.61667611168764
103.11724993772123
-267.5201946430941
385.8803294335528
1175.6520304416656
25.047546320395895
-361.1941966979514
878.0175348250677
-529.0993752104332
817.9252272566024
84.66507010657733
-567.5652774708897
-19.736032948460434
1767.7517992870585
1096.7953749548872
-830.3265293004397
1210.7801617033674
394.4358986199702
-25.224724936692155
-203.52288275242438
2661.8569349421387
309.393687729628
924.9459812087242
757.1505640219384
1460.8072311357892
-192.95571934455768
735.6748657745638
1141.8784398370933
332.77172106967384
-1141.9163493617107
1548.3846471869283
-941.1965074476159
-232.72971681587353
629.021163027291
-83.13859588903858
-881.3683289858384
2643.4581524821906
1094.728808659258
244.03675880801325
100.43293090782936
3463.0862011732725
1684.8723210912797
595.4127850125278
304.08949560546864
4547.920408944084
132.38085577377092
970.8630144162071
449.738593310766
14.850236251324304
1146.968433370343
980.643066050372
303.45409455961317
1532.1306648902362
2035.6769467418792
-146.2257052316063
5288.010782960986
1072.25765634588
1755.3088383831682
-680.8364210957527
963.69387121211
-398.3648111039374
2734.970314443526
-213.89373082765178
301.77991152898835
13132.175110041138
1904.966668956182
3378.924880786241
38.4822404027359
-146.01113170530982
-349.73710446928817
-1175.4832620675184
-203.94433241487684
1750.101169057833
-225.67975740601617
-207.12388550994729
-499.4999822030468
1105.924655243991
-44.335766753310054
5984.891720819616
-860.7632232753947
-1589.7880563013368
-760.8721797681651
1732.6803690853649
-315.7336296067606
-323.4878535700334
1727.7856719456345
2305.3193078290906
-683.1349734907328
-964.5945001661735
341.30596545739877
-774.293501797167
200.13061395361638
-601.3292218203669
337.98515360166385
-168.70443086960427
-635.9225504917786
-606.4965070955063
-99.9817512019481
-193.41266162347813
-428.04279645216525
558.9405063471056
-583.4158216792976
-282.05231539203874
835.94799291502
315.54468833093415
546.2579622810861
1181.7684376837713
943.0310928589141
-145.22175755986302
-615.2017109177573
-136.69883191410656
-438.4031026108039
347.1501447804481
-247.04972305910565
-511.31537515192326
2813.3802323198483
659.3359674446508
7054.640072151932
-272.0985981208339
3898.8500505060133
-70.30807883127932
2274.781783993102
-108.38483492729392
325.44244712353844
3825.4833460172804
1300.5987572804397
-874.3573389209444
16.600198380152506
522.0384294962736
-567.1595734857242
-1533.0613075315014
438.71787878724786
880.4631317041535
1994.9610775159408
2539.686490089345
499.2331918273689
3511.991630940709
-1140.6932681960361
30.12047973249014
-160.2128616552891
340.0868839954412
-583.4285561024658
120.80459515633811
950.3224425246161
-731.1797427068834
765.0509095906482
3731.138427709698
-304.78336970244004
443.0115710937312
757.1505640219384
961.0293494632556
-232.65346015839668
-429.81508814870404
832.511168165463
0.324186239222513
161.88759224465446
-234.4312926016362
-358.23589207737814
-1085.6125882777371
744.9593354232975
-1047.3376673994353
148.43320445780535
757.1505640219384
1539.9065286759478
-1540.3734145402318
1968.8651636862203
513.6000541491148
3694.905533100413
-222.51821674744622
-579.4764172170421
-119.94741628548502
2070.121400742064
660.0193425541464
735.6370259705503
4579.200275485751
609.8777668249838
841.0158014279143
320.1305597573736
-184.06048698786105
-363.89243313371185
757.1505640219384
4725.0293882723345
535.5440931611564
297.77097427888634
323.66513501990664
243.5382220291017
-316.51750874592244
993.6097091583833
-44.250935258261734
108.04934067570571
-162.20048440906214
263.4061184826395
-362.2458238738607
-90.48587203120178
-197.47607454710442
-766.6074225321606
921.6913308128674
464.38795767155466
-345.3059488655251
-214.8132293315034
-65.21159344200214
48.96015610631389
252.99541160699732
8618.700386332635
1528.5844745037757
-116.84454747282825
1952.6157324967012
-777.3010486370567
512.7736256170772
7349.616633081116
-28.01617224445181
-245.08888969290615
-418.5815837111818
-265.8305922507991
-213.36110095203367
243.9201079669432
740.6587473821114
-663.0279828947675
1757.907176048568
-305.0650329602338
351.8456588283949
295.5117007626972
130.7111227533428
746.1059484264515
2511.995109678407
-699.1872464076912
1526.1467337940267
-215.93865141827223
302.6309918952894
-152.58816215131947
-40.7385667215965
-137.9245093245397
-880.0929245254622
-124.26336342818809
429.1535593118856
600.8668061650835
-45.34317571177621
1865.2577094426945
1856.2777794366664
-415.2947640335608
510.9646527324579
-264.866921720027
-0.5958882096009575
1752.7968812125923
272.9918342204654
814.3104060109265
582.0526581737644
-367.2090326367779
262.79733231015575
-786.4386857301633
1203.5096949849528
6356.170052208142
913.0443621580105
1496.4224141293917
-94.44185455263323
786.6294639632694
931.773895845787
1635.767102841133
113.6003033959546
16.983829509792827
4245.573089842852
313.37077701076316
-402.0767271928189
171.959792319361
17465.70661154273
-954.8826853213627
1119.572338217205
458.53001878261693
1739.9882356357375
-227.2266595867901
542.8195841443702
953.8872358152572
129.7074156067887
76.0377383920628
1637.794523445187
-401.3333561753593
-923.7375742459994
450.4464312612769
1859.9996033604941
168.66436870864447
227.70139147208965
4772.499601527723
248.68201505903613
2037.009465228339
2119.1314177923396
18.589083099808022
757.1505640219384
1810.150110525781
360.41716167760035
2390.8778398269314
44.16736678684447
610.7663496961808
1092.2792736125546
280.42101877666573
-457.74227257340726
-533.0124481324194
751.1236291453306
6423.687194430465
-66.45134944261906
-296.6441320568126
1839.5361357954343
4005.118334843098
1001.5695150580326
420.7038028320533
352.94867101629865
-264.9235306884923
346.85455040264185
-341.3428265889204
185.76338577374338
1793.0134232946127
-660.9888959958439
-406.0482017439956
489.7095935604745
368.7125691686809
-568.1689973347093
159.06721762317113
1900.3150148215373
1654.2463045903537
434.89562867531816
-1340.978793074883
1180.2741325731354
-133.50073480437584
33.57769939015998
-481.6794535425481
1004.8181406085364
857.4206592244396
-520.1178748547431
3266.808015925689
-102.45361993526467
15.047563338787086
-82.6427546802853
-303.83873507298904
3194.41648126187
2236.809505590447
-44.67252499324877
46.57319146859004
-453.7437232205307
1522.7685737214842
207.00650186176108
-339.12753588281635
-163.35011034079162
436.5554646437829
619.6471196148345
1022.7683118871525
1823.848531917059
502.9043807235556
-970.6979928869287
-389.62106257975233
-1187.374059713868
-948.1026597387249
-320.3765231407872
1487.4454218812198
508.2011694554529
309.1608484109031
-1202.817279953219
777.0815262677074
132.68393731860738
-149.96376920331795
1205.476361605779
-389.24996845918804
-363.6306367317238
2140.893702880141
634.8548810719875
3264.2392030855954
545.3836038772183
305.5553497594247
280.8727572323937
540.0460495780757
-964.9889758400357
-214.57301198744312
20.627384178829743
-888.2281959984944
1561.1153876688359
43.68809548696015
3393.9612226144063
-677.9158600865753
-258.6167806958381
432.75594823450047
-104.20856005992039
-214.44396936527266
690.641168797225
260.8367589503254
1573.7437113039189
-918.426067916917
-109.03538725098474
426.13095860398
-26.114728610934094
-795.6415858304936
-167.1151074235711
307.76761781304975
-690.5172698645451
556.8420879766472
4896.192493139278
50.117131137483966
921.0415301841836
1602.5459462712683
637.2199963774358
1569.3051174760192
-464.41700388526124
280.4212500217486
107.63005081357892
2.5752223211861747
478.29162759736926
291.8065501037826
382.784979778362
2726.051218825186
1204.3880661389946
-12.899334250513789
-533.5338631365328
2209.362663035236
2387.212895243917
1061.7659997752753
-403.3623791384937
1083.8138417198043
-301.06709345696754
259.31515550675726
-892.577819833092
1106.839173166888
110.75522103045694
3780.4628322194676
293.3548427785097
-702.6643834714562
-1474.525503832589
-9.011612248355846
-39.24475139911465
-324.3195973210982
663.147635259603
-541.7180614239776
158.58604793363293
458.24749701651183
-552.6632188590577
-16.362796260389587
340.7699734236768
189.15315014278315
1333.727016590833
432.0359157053312
420.22003592443156
-437.6067780542246
88.35695215186774
-1348.1552524674494
757.1505640219384
533.1958485706629
757.1505640219384
603.2327124547141
41.22421575010139
1324.4507472747036
95.9110387220378
3280.7847978440277
2448.6438931542157
279.2694014731816
-233.0507720017323
2544.9820611002747
90.44857015217303
421.62240150343234
267.4754120919891
214.78886802720763
-1004.0476266511318
1308.2179251141076
704.3738013677988
664.0474072073257
-769.2109335027185
-754.6856578528739
-1062.584099177651
1605.7255988546867
2640.6169779075444
739.4576728020047
6.5871954813205775
735.6503644389015
190.0733385001604
-114.44023595687133
113.99661792996596
295.0053874723399
-503.23837705321057
-377.7574876832216
-733.3739193055717
-32.935977302269634
733.0530431922671
-306.1407875555128
97.97136744546196
3257.924092377855
553.1988975841037
1454.490329517847
725.9870838290612
568.9190192207352
28.81099013307653
448.15277292010336
-507.130554829376
-236.1304613106132
2515.301007621908
-397.5020613857505
507.5192919948129
1304.371011709515
701.7102000553439
2396.2234914369983
743.3256944391625
500.08002248121437
574.8135982877849
1706.363233336837
652.8395136134862
652.9804743010311
-328.7379056799289
47.21594394588476
-385.870185776919
-25.69866313984687
4305.186795252681
757.1505640219384
-467.3707623784103
257.17267380338603
538.3396626618758
53.349453658678385
740.3478782806401
-12.248226894312666
1342.4172500065997
892.6030354350668
-951.8124367097607
237.40934988399454
317.00234610488155
-38.720895517191025
3675.0228609632604
-983.2932949127039
26.679947392548684
-385.7448599012848
3233.74274656036
1960.19657913003
487.9889846752593
1406.9023663675775
119.44119926744065
-562.2908726829912
370.4637454101279
-449.6368193487722
761.5387422458948
200.7693386352222
53.83424731560558
-203.43893257089996
4460.097819701526
277.5129384413217
-633.6210378621079
932.55026718247
1108.01065509161
-4.775748043325507
1149.2806796582001
2469.9611042902816
336.248831001014
149.64290567293517
-418.82284310084424
-1435.160241015174
922.2198833444857
867.8619388453874
-389.06587366275994
387.5638917936496
1075.5304824550062
-1094.575187123223
-442.70941691436633
-236.79882033932438
1475.5666363455377
7693.179713749742
5774.832621452542
10073.954611967452
150.03411603585766
177.97852495085476
-59.91697627385577
-486.2781105754202
-144.80725042158974
-126.21248251471923
-1.5908551421938455
-95.37282148803854
-354.9671427378116
-308.63364229106446
110.83799800420627
40.30932327415849
175.4245548698549
-110.61697972135732
910.7932880698063
327.7664073128898
192.6780081585955
656.1877452628887
1768.6682331979027
-95.18863924028994
958.3628657348387
-1042.7785864422005
65.91310907327829
92.12617165070719
556.3741746153216
112.81995581532692
-349.2875133730249
69.6903823358765
203.25361676219268
180.51389579292606
-299.6196237316185
73.13067951557252
-80.06903692689218
-625.4978221242841
59.10910828862529
-1898.2003500334044
7.757256818151518
-788.9290526532993
249.5021808308274
-7.592084991627985
-774.4724719535775
779.4539128498708
1140.3692614758284
1179.5095007531788
78.86737457471622
920.3674970641927
-331.8237623759928
583.9347932433666
-137.38544186627644
442.86863353750726
345.9151140446894
-620.9788600642801
144.59094889136122
913.0025125432135
822.9326766919676
1608.1347018666258
101.48283343451556
287.9158829215201
-462.3140276080853
400.19762105155036
1041.5872022416788
-1676.4817677568271
-446.9615182017517
3481.652049792192
517.2350445282187
44.42918496726793
-662.2088046416591
-156.35360633071923
-335.7401419946898
803.4605053778255
1107.1833168623662
172.8902408371282
-262.6281851401759
757.1505640219384
-291.19573354281715
66.70713949859407
1543.2482529547035
-1397.8448938707006
521.7528343622122
1811.4890687875804
203.53471598969645
-1310.5169947162967
6111.584070455654
362.03757977638935
1736.6079047553758
978.5216158783105
-357.5615396865487
-83.96953741063544
-846.9601442930461
-470.86177060432374
78.38435978421671
18.568994611832522
581.4599043080193
-656.7725681744016
-259.7760728223127
-426.04450828722315
1501.2491914784384
-299.45890526379594
594.8387133406674
-637.83663371373
101.27051064326872
2570.50754359474
1740.3731685193525
-5.540310218327136
134.25652568632245
1112.1839872774376
-138.2848432854796
298.4438780216547
-459.46615107205434
676.8068022040582
1173.1525395429203
-451.26071662630375
-775.404232227575
467.8004488665709
391.17052317303904
-21.55754999776582
-199.3814000755175
-295.4301433275398
82.37820440899316
-615.6349567274597
-304.6719151825648
-541.3941968961803
1172.5859097113153
-499.28946107320235
-35.26185124013841
377.9046809199833
748.4941330581219
602.6630780253213
1427.676152529064
-624.3258582094761
13.708408624749381
690.492277036456
-551.411823752765
1615.004261882878
786.5325551373855
82.79049137401523
-308.1601132309852
-61.63112736992093
-289.0244982040574
1970.420348808952
4410.057090339
-112.03630987691986
-448.86084788714675
2143.8378706970784
223.67168406419432
-374.7434527355308
-295.85375590221884
1408.768908726464
-1397.5860984739188
52.28261355949007
884.8707336910514
-109.69170520106502
685.8168421296396
845.6607078649158
-894.4548619455993
5860.242380056883
910.7698225077219
70.12345667784507
242.08051030877857
-90.52543183341595
-518.2359966370711
63.82962399193491
260.6159502705978
1527.8575886953909
243.7675680404153
1347.4922062402443
-19.410409417234064
500.57342642678674
-446.39262464393687
272.2339615243601
757.1505640219384
-229.60972341386707
-185.40259309901535
-226.31715644618032
8415.011625067626
-226.89913902129456
193.34993944024393
101.06124085320653
310.20750528927346
1847.7845962430897
1164.8515869264465
3761.9511089431553
4859.882124545069
8986.447951235845
-680.6091022931362
373.82223967394714
885.6840642307535
1123.4577466279216
283.7035525017726
248.89086671431522
-48.24729474284038
870.9054243155101
-322.8155393353327
72.5943099577737
260.8723556518433
-536.4454280406055
-1257.739810097405
1349.0439871429421
1343.8338924367526
-1093.727771445076
6322.283476387249
-167.08621096572472
1838.8969092597442
89.47126428221463
-750.6857696702684
-117.21591989230774
167.0241555049539
2296.881196894795
-533.0209470318125
675.401020600372
518.9534539817374
258.62904800207957
-23.78406314511858
913.6613901209068
1823.0602742967403
-576.5039861813516
1150.7390021574
583.0695905248198
133.80225090509248
-521.2939353731188
-268.82133223556684
-68.68070247408309
1647.3516854278316
-484.99973559404816
2272.674917104325
-365.3199742937493
2314.87710608302
75.58457573867463
457.014873532322
4.105995486377765
-189.42877950637626
-383.9074521777093
1950.2525237718512
179.691964393734
869.0197782502637
831.7740588753471
1123.3817538755193
-544.1711589557649
-466.0337627583467
1037.6994169840605
223.29413920234265
-43.90064663619228
175.43578964201822
3606.6615019171204
1244.0835135834873
328.2771032067007
379.59154210643356
1809.3338121973288
-1529.9204828832635
440.5829517771481
1905.3571977769218
58.12611515189337
-361.14088406617316
-892.2054138871085
533.2414590295166
281.2212890504168
3978.5226811294306
-267.650139644305
1319.4342427002084
-211.67724504139392
2021.8133600681815
1257.4626682356363
3351.9968105064
-606.95677612946
173.70207979588884
-503.69807216199933
12.979883533568795
4115.768213283654
-239.95814514144615
-893.3398263673796
59.73965093403535
-542.8700260341407
-101.60699092004722
-747.1893563632423
408.9674033943776
-630.8521815299293
-678.9611705983825
-236.07553969802643
1824.4645854724583
91.35906538451115
699.5516302618393
697.771466464412
-414.55862212359784
1704.3868311127833
-233.676820711839
453.13804917995947
29.587343280470463
-31.472192833769668
-64.42254976094705
-47.12732701563573
7422.3898582715765
-6.8373330125384655
260.36746127248557
-739.2113614476721
-462.2970126869925
525.1541752808848
1010.5584262219613
3754.928017875664
-4.117909559154327
-909.4937005136708
1469.4723540907946
-154.25330418088015
-180.71268069148857
-60.523037284497946
-1290.3428083675158
-231.35796708759847
304.1562856004477
65.43900707134253
4842.470894259886
1575.5562481311272
69.09807664195978
686.0652349294216
1719.6008604912577
5662.713376414199
-621.6412369169047
1238.5006886573121
-189.05296634685726
439.48242031197026
-1095.4162021130116
-184.62285245619023
867.8061406447102
2418.265546534777
-714.168744209542
-978.2068620633652
34.03061929178307
-146.88952567319882
-1029.955609773523
190.4789284280472
751.1236291453306
757.1505640219384
-681.1074580406748
146.84338012716148
-1227.7049483942344
399.8181293128017
601.3752147608348
306.1707205985013
56.07221704688436
-568.9564722109619
-824.0908013885698
-12.105679671790767
-808.9528647326042
-134.5134267169267
-346.7395146029237
-270.53433232001134
-1962.8468587831894
365.90638352593174
1088.9025445848297
-49.352745100252264
-1098.3757141220262
654.1265109063833
996.0279173417035
494.9036973318713
686.4347208030723
167.49489668702745
938.1132472114587
63.553907977804215
1121.0976018661343
95.71276475566617
-31.77616653192831
403.13695808142427
1050.689057758925
-1026.9377895030696
-363.17027644846075
-831.3429701315144
-438.97023352426777
254.36351258673778
81.88084964360269
1586.7014671963416
402.61969692026815
949.9444916808086
-324.63445762019205
-617.6585961444393
2103.5055854479706
-817.9781737436481
-203.54683152101165
586.0016473164642
2258.809865972131
227.45533098908663
292.6638028518645
83.90368043849844
-281.0193207238153
923.3102548782579
653.5994435032349
-404.67666910678236
-371.2051397536411
56.56234363320448
242.9340478062329
1280.169936431275
-428.689367966085
-474.9511443772335
210.93268011486202
-892.1530272610032
-6.0964498539365195
-379.96722003160266
365.9690298588332
-452.3220614472343
-308.71471945888425
310.110441915165
502.31247980376145
-256.4915533828919
-486.092747062273
-1009.8603523372574
-290.86311115127137
523.44705442432
5151.6854095962435
663.3081471084325
716.109508904238
-841.5465697154384
3161.5585200842115
-44.67082368478191
993.020063927287
1709.2147762730083
-574.8828480138006
1416.68331060387
1399.6270160225035
-170.32030823142384
230.11036835470748
433.0841419561784
1033.2653869936091
-316.9022103199418
1533.8927638314392
-314.23856937163714
602.6169454825257
227.0745437114997
120.2022955659096
545.2921810994116
595.7588820223172
378.65259331035315
846.7182282281565
161.31471223143785
920.8516085192596
-521.8728941043316
438.76473923912056
1473.7997764943989
1984.177034622929
2133.290073767257
-344.13868025127044
158.67536520993247
230.11036835470748
-200.0739533069127
-753.8231320589907
230.11036835470748
757.1505640219384
-345.7412515564931
230.11036835470748
-298.42700893175424
-556.0443149074977
2501.367903700776
230.11036835470748
-692.4559323164917
-298.42700893175424
-108.57466268162489
-222.62353681185448
1672.826653253144
435.66506860844095
1337.581003193553
-465.6117988465828
1120.9256070325148
-148.49904617484208
-415.5509841864082
1339.699636315746
1687.2137303015083
763.9258837049123
-235.9142877443345
813.6779612341966
-446.9535623859608
493.9450777269781
-114.1659202221183
-605.1443997959129
807.9382288152995
372.9731846242273
845.6607078649158
-102.58191854572465
-1235.5029909243951
1143.4978823624356
-230.30644300110362
-551.5841386761199
-541.0850261880614
1329.0751871036114
3082.331146247888
1248.6836273926865
817.5576177442488
2668.5502290356935
757.1505640219384
1008.1799184029888
706.5620516668455
-1591.6144922583949
-701.885868678067
-88.70725921444227
-755.0477610776288
-116.45027597975184
-427.1048186236794
1268.2480247052044
-891.3434280403355
1427.7730013702958
665.2224124130076
272.9918342204654
548.7102552825822
993.7878378609346
802.392609882939
1.0011872315238861
446.6984203380808
4076.9720232606433
369.05589522265564
-324.00921093773263
-468.0264595706135
150.95297242890024
1077.8487229142193
-508.91934941112913
1314.57883312559
-15.064863220995221
-474.8988982056035
195.30712764388636
-402.621068682
1682.3686486675983
177.35117873271258
642.2404993845013
1109.3872865070136
1270.9276621865001
150.05888700436572
784.1668518504517
-37.11832225762544
1694.6990925456312
450.63967111338985
-561.3156487177469
359.59627926710374
598.0377688592113
505.70032474864655
-534.0646836175176
-1077.9430236548692
-733.6806252320375
84.4731476884017
470.29680653932377
2884.359656252781
753.6947285332218
467.2415150169204
-422.82215681716616
-227.2164272518827
-527.2128635222896
1057.1867764874755
-337.81790765291726
931.2809770021074
-1437.7682693796578
537.0901415726128
-389.4266385980238
-27.75811638498317
1357.302367812366
1079.672018632266
148.22173518375314
2108.8745571973323
-1398.5588443086826
739.2922256962879
471.0294498886845
-751.7058046145346
569.057333691342
-73.07801022616752
216.48749655168524
146.19456323675718
1709.3249569989875
1640.8174118044067
329.0512753160287
1971.3297942026873
-1214.0708410725445
1861.9572006180756
1212.5725855503415
-210.69153009589309
6.817444145243371
2567.712078701954
-824.5806028586426
377.96393970973486
487.6364289257337
3889.9701870698163
-749.094787680343
312.8319973849409
-641.1461107916732
-402.627945914935
-759.001437619147
159.5544363337317
225.24709370267988
2154.9428001746555
118.69695484281613
1144.2898662659554
2789.983520662456
112.24534861228017
1588.461390063024
-423.55173667769964
-0.3490874551582692
683.3543860088427
-996.4663654266185
-562.6494207269409
1611.4334731945369
-658.290468938095
-484.714823116567
92.82817764552055
-935.9679760535553
1158.7793190851432
14475.794875742107
367.44780074800644
-571.3322790046225
-91.50248046680656
2341.546655237691
-269.77199799837854
1610.6631107842272
221.26451035217167
983.694342889512
650.0759852170364
-430.26026703715866
2712.531846364308
273.46620259671226
1407.1878476944585
293.3548427785097
1669.9095571022922
-218.92764924255425
987.2335665871834
-6.752129508012899
-234.7141685744699
-478.99428125918575
3187.007092902095
249.75444177991312
75.05893009234546
3065.334435688351
-234.50157131722403
-609.0942296200451
506.17924010993266
-6.7607970264621144
496.00102228543227
-870.4688074497992
-175.58906845854176
-168.22996095469966
2415.539693894275
-124.58121015906477
-976.6621487034872
608.496482308725
3331.334873160068
64.64275194081779
317.4422077048714
282.2372507027311
-2.0556091238684076
-703.2082199030849
-237.7587654335057
265.17207020815613
849.267783700284
1224.287645414457
148.6082488665062
487.6336188428297
210.08264850762714
-39.22284704348226
409.1678269087629
-193.6912643447945
1245.2657457075506
385.119826290719
496.93485560750065
73.55823850285913
-1344.2907547641944
4335.510894117984
75.59522971577519
-183.4930441105388
757.1505640219384
798.7435147666248
-40.328574802587696
-343.5529840447407
10346.58676826778
929.357211617136
541.9921067658594
-757.7030595242202
-693.3432012511312
14.106974807228653
36.64721544506267
344.2020643210007
572.4508996994134
-136.5268378475323
-135.26426603613527
-113.66229896533468
1348.9900750980873
807.0066971904081
-1033.9951041764339
-481.570752571856
1021.1859299214077
-455.64032096080336
2028.8639907854097
-418.3175680898921
848.6029218131638
2089.7904727210016
-645.8520539434762
-446.9535623859608
-88.3098627682972
-622.6155618284599
287.5616882470137
767.0837179372529
-700.4637827673234
-640.5892504546557
-180.98030979864393
757.1505640219384
-675.8743307357656
339.9499183955295
1324.2596553643455
1077.1169485305136
-1295.9038649628242
506.7454648131827
-477.8897472253759
-342.86118125931125
33.3653778544907
819.8460113459646
1553.3615226621355
-141.7586233861407
-1067.45537849819
893.5800111092742
3927.301732720114
-433.3452220602512
-175.03889198482727
1682.0316549346908
-391.91302117052874
584.1161686838375
393.81549628639254
-4.14188252862823
-679.2307203761227
2265.6520573150965
-607.3704008986301
566.0678209291852
427.1011482150461
777.9721135246598
1189.076846365242
266.6288975686478
924.7339929259846
-212.09637502064504
2997.6320037628716
325.3310991735589
-136.09261220812664
-348.6785710768336
272.20383957502327
1430.5336759111046
-450.2646356145624
1618.0525639964449
-344.3270304555572
1748.837975477109
2658.708530624035
24.790145096088736
-133.4008798467845
-385.397358905351
-93.49954987298054
259.0987261773445
-1115.0328718259143
443.6205046566606
506.31511253410906
-446.599104796622
71.67838400274854
-180.3818163764605
3745.674689904118
-1.1241337167477923
-3.9284219327901155
224.67564056580227
-266.0364707681325
-480.9303043814559
119.43998670899782
2045.541175563413
1632.7869872246367
920.8943475719418
338.62906898751123
-27.152520571901505
-0.6868466862742935
478.85315878788913
161.65206321560515
-422.8152209493917
-1040.505972344184
-388.61027266405154
-961.561644359404
-304.56629015333397
941.727427829527
-381.3128702715039
-28.937775639957408
-853.2444517762049
15.076379606098726
707.8168783221168
297.4423318884342
1205.7137618840968
-186.77107694101483
-417.2116053135944
-843.1222418177929
210.30431026116491
134.30064626727335
-886.3751036407944
757.1505640219384
507.5192919948129
363.10332588801083
-861.8417664453857
-115.41628477772042
-152.80974744362345
-599.0036477006747
-326.8409411154371
-610.6073967150903
-877.5748749832487
-13.968094591358067
1121.2441327373817
-991.6973774461021
1249.7704633975188
87.95115144846307
-620.9518611619935
674.4926902483596
-840.8636959927583
182.21086103234757
-199.3814000755175
765.1693093798501
-402.5964289819117
-479.68081379816
3315.4442482318495
-386.23442990922626
262.60611024716377
1109.464849657648
2424.6380939235487
1013.7102089417623
940.428300013253
-282.0148091600738
61.30021747773446
4.257835577545734
1636.1520843728756
-750.1972347937335
175.92486160006877
-344.3841192914433
-637.6831744758911
-834.8323104976271
-10.931043697318842
762.1788684327818
194.60880792552166
-555.1233204470934
603.4772463255304
1357.8382136250789
-651.2760967799286
2721.8306053845554
-257.8763861156385
-184.78490370615577
-9.004121910284084
277.28170840216
4.631226768914871
757.1505640219384
4835.280732204492
-601.4594586234748
757.1505640219384
3999.776960724633
500.1617564133719
-343.8986507091247
-277.1935136697116
1357.923067467122
121.2541509156473
-46.5766915449849
-13.928029654147053
-156.12821661093267
504.3745207233589
-8.95405973224797
-730.6919627082154
298.0292691666565
-1021.6477759592774
-136.79336131149978
117.4962784409181
2.7825976367157637
295.5348455118831
-273.21310115226197
-140.44311999105526
46.11266824856261
2862.94225760723
-830.6842773813573
130.66979240921592
632.755621074575
275.34878233175976
8619.326201471831
253.77264665358103
1655.6277615167178
184.05259177490177
633.028010771794
1670.2549280118733
227.17351191304374
-133.99445449100335
264.7842503206654
-945.4814471293937
135.23823874352024
-549.1894530317684
1372.9937494630954
335.9547106249203
460.422641455233
264.32226778065524
-671.6531916407218
735.2778669570841
-719.0674706682025
573.2119531720456
-997.1544459380277
522.0800185433937
1972.5989661524386
900.9381381603714
398.43567942966206
-261.28837493510457
-317.001372509191
-608.1438247752874
2212.88579892702
475.09096875609487
3488.9643504960854
2004.5130374187888
-341.9959070857535
-116.12710303979657
421.8786944262977
908.1575117265284
2292.739160337125
1590.666827814633
-1060.107560075744
556.8885715980115
50.18910296262709
299.09236859317923
633.3758324232979
-1125.2134673170394
3946.4065867493955
-280.70508503455335
-309.43604023775947
-759.636964196884
686.4347208030723
1105.6637006971923
-382.93391323403443
3657.8191852789696
754.1774652719855
76.39275086937118
-453.47851563412087
35.48848687475663
3121.8832270382773
181.25829482719678
977.1669588317538
-304.1421272974983
-229.60972341386707
309.3317509021416
-367.3496795906749
-625.5413903690517
-197.17473205525266
-558.577184455311
-249.88959147498497
-183.55183124037353
-511.0157773721826
1447.5142106869146
195.36826751273247
-611.0938601105563
97.01928466747779
368.0393633194327
-257.4283786822432
-5.903911927267018
1927.3723012747098
763.2536727286075
107.46048103740213
-57.187465402262546
-68.09790908831087
3955.247835557307
1172.373759534989
1700.9099092648448
708.676668017737
757.1505640219384
51.243897060554104
1733.0768232109463
-32.14510015848418
-103.6956422728748
789.6335274482739
359.9880773221711
1063.6034933157339
1371.9947253251948
1092.7900782392935
148.29619921002836
89.04873465527339
-334.3279330137077
-729.4812396577006
1106.7301129194218
-993.7151941422737
744.8779177305629
-567.6616522869065
333.56717498161163
2019.9600347056776
-455.85356230690013
3923.123705633973
138.18360180439765
305.49355783469366
-267.4681150251704
-479.3194335582823
241.15339055424147
-403.51515366186936
2236.626573427531
85.74521048525821
-59.77110184734465
1391.0675541746214
2557.862382176214
742.431324836425
-476.82883166259876
128.61495211146064
-469.49690869282017
3247.7000779733244
131.28440792931133
50.724545435011805
2144.1537425007773
445.34718314545364
-560.1342868756926
418.7249398723047
142.68559339271974
1672.8541518301429
-60.93875266960299
-337.4306651167692
605.2604343858013
344.4270964646071
1101.1831143600355
722.3040580304684
336.4849362122371
996.9403171212649
1101.269325688108
340.55873044369577
-282.65284994272406
724.1663851012164
-449.9247944594449
982.8304864843092
-33.98093422157626
278.03552151692065
425.2970301020348
-304.9920044405544
287.81016440340545
569.1883089389403
5131.883352402225
-1366.0758677335507
468.66400156451715
-944.5709031556225
580.9040920045081
4051.9193093933736
1002.3708435388608
757.1505640219384
268.1806127085599
3.1427162197915095
757.1505640219384
65.58086086702735
517.9053392428452
-366.9414080725917
-720.7210611710673
-375.89148724122424
1681.804176238471
-7.731123648549101
2105.3892942052908
2544.8422697260967
-825.3067642083088
127.77657808853405
-1262.248110622384
1482.1448259587828
980.9726938711606
-45.945091747498736
-580.975836275828
-285.7067177148233
841.5282212993002
102.96459421292434
274.0050429961142
-754.3481404522383
-234.71124516324414
-946.0112054236101
-489.4958015614593
585.7891322120872
-302.7516615013458
757.1505640219384
-278.32789431063384
-967.5269503118234
-189.86858135152875
795.275998022301
82.24554490812682
436.89385968668626
801.585269002394
757.1505640219384
436.6742797441552
-614.7604854320698
442.0254568670863
-647.050699859104
-263.5749041589495
2726.0609207756015
1061.497608853621
1156.6431983831753
1720.1053359043663
2134.8806494524674
7815.995752267592
-471.84476715118194
444.7355482165237
210.61968156608964
308.57364682389107
-384.5338780342263
145.0946581652363
570.765127334503
-785.0448462591612
-953.4179609217056
-370.4348849654011
3986.774363232879
-585.7735954221084
85.3251509578148
821.4299863373549
416.97233250799854
161.8966341758305
-218.94601100623572
-867.7434405444119
2185.309423573568
-0.8555905584503307
777.6820413287762
-9.92814743836368
22.369261478895623
-593.8587748750183
219.98666284951094
-173.93309576690672
-916.6538394331803
450.8001340435692
469.5559169197356
-98.27526424674716
2656.992463835455
-159.1870996117309
24.358638513255528
268.45119597702086
757.1505640219384
113.90302489258715
1391.8835002529022
-96.18224385939698
-751.8730967930421
-1571.174923509543
-784.3604813699678
757.1505640219384
-393.0550848587925
412.5649392972303
-215.13107173197295
-232.39973283210747
930.3862310505785
425.00355612827616
184.13907406254214
-158.6879843205552
78.24002329387679
660.6464479401284
-596.8479706971043
554.5050943097135
2650.933875997884
-108.90442128731343
-442.14780346176985
714.8945393973879
1618.2919077911272
222.7438516552411
757.1505640219384
1090.451965602247
-454.1531897218738
1462.1528621980874
3635.3647022614377
-217.20008980987086
-889.2924250217457
-871.9935968547195
-45.27616443855061
-162.27977512362816
-682.7554228558206
-429.01140063966227
249.84620559745474
-482.7815664301229
600.3197023264285
-297.834038630079
47.70444521058539
-339.55068461411565
-411.91028178775196
469.7570679639374
-519.8280384681293
952.6867463026239
-179.15709643075343
642.738417918647
1204.418034151303
-443.70370273730055
419.3159830449631
-493.79273160922503
132.9974434187668
596.3653232771758
120.64896427007511
116.31102731115482
516.6671790705976
492.76381514453226
103.2359086588583
-716.0463869188425
156.43346903520478
613.3409738757584
1314.0562816737363
468.28257950962325
-198.87106800105323
-695.8028282829421
466.9575722417343
-446.0572382125915
547.5411701815995
984.7158232965912
889.2032430064874
-647.6984034694312
-131.60347802485308
3411.2185733569145
-129.67679998567962
879.0992165796895
1381.8306463208532
-175.00357322949776
251.72929160526002
-122.19820252794273
1995.4575869820364
2578.896035407872
-452.8855483491757
2032.6894316394764
3456.0196907262252
1536.903486659764
-1079.247334952073
1652.997978801144
541.4506164317922
-397.5671165871422
-263.6518959196816
2458.2091593605855
-300.9187793260983
332.51854130087014
783.4402509960132
-573.7517700718602
-694.6210915547626
594.3215917997236
2432.7135986089784
1436.1398122028781
460.7188298872535
-133.12245142901668
2700.7409345835813
1436.1398122028781
891.9922785935199
-834.5426520740823
109.45372483001927
-114.39473467969606
1723.7403878178802
918.650572776505
1515.2463810346303
-657.4358165548686
2249.5575705276387
1066.4400135121036
-755.1219016056793
354.31389725208703
248.59726193422682
799.2931406355028
-1170.6549641687568
-302.263821333612
2502.341241100079
-255.56142491555715
1750.9153218994395
-517.5996321019568
304.1166331750518
890.7945253805419
902.7428289906981
2038.3026848120767
224.50924309103925
3141.8723883602324
1.9109573882506083
980.3564212012582
-427.91770229147164
274.02980793088955
663.9493360879255
193.77444071969762
471.18316499811743
82.93464789006953
-466.0881986363863
-777.5121067754667
2601.678907669553
-94.52412505607776
242.704532351245
271.1322124761971
402.79109392698587
-771.7830300165588
1026.9530028634306
-1445.3787869577
2351.284115517598
-972.023456382829
482.5265102800096
-68.2068811001418
-195.79617523669924
2413.249341207421
185.81494321983143
-198.41203833088343
1095.9839900275788
44.67087061962184
-377.7272118178123
-578.505116296891
1884.0291474166909
923.0160847039535
754.5133011975522
376.8335883407851
110.8470970074552
275.549292343195
1152.6842536971285
-161.60464581068368
-57.26311394906702
-724.1346535078799
914.8813706488754
269.6887082550457
165.60422819618987
4443.009682527476
268.7718920759389
3634.208031941638
-698.6216017692493
-632.6432594664564
367.20594887127925
1374.6201938563604
-24.12324803216177
757.1505640219384
3629.7353870264506
1609.4094056247402
-368.8974007002705
588.3639968305936
152.947575879547
-15.663125731895889
669.0224749440952
932.591329784874
506.56149371016795
560.5979303691024
312.93769447689624
509.46952695638254
1890.1629097633809
2313.04730240381
-989.2754696314103
81.16066361224921
-754.7632976507732
1235.347715321415
1653.313270953596
354.76109480017215
-772.5080779480231
1052.2806366700152
-928.1678352002668
991.2638095788107
1327.7910887425728
1780.2228390796736
1321.7746893909934
-515.9689158875058
703.6793869986095
58.588628063989745
5.049357811105438
62.373952230167106
887.1412563639085
673.7856851965807
-304.6275267770777
1650.9602113489864
653.1493481225127
-212.44346871252287
339.53627632022733
1650.314733393182
976.0367370690132
199.78459653066682
1659.929220915285
-514.5376733595895
3580.629878304622
-517.8252521928896
-572.5326080651221
352.1125726569
757.1505640219384
-101.11257029754984
-487.8393124133986
4976.387854775054
1739.6698076900288
547.770384381159
298.00428810119377
439.92407503983054
97.47749746053717
1044.85077716549
260.66591727518454
-389.73834468045334
-342.92873078774824
174.2696298095658
194.1021391320436
-702.7271672045317
531.5868948985922
264.4249018371235
-75.40733214685122
563.2738496671465
669.8139176778664
809.610609926334
1821.9138556115263
210.24275619730736
-831.4827566044278
-231.48606757329833
-682.7874871972735
1151.7117660408621
133.13813042948948
-932.071692908474
1990.1339066982878
1016.8756822002617
698.6589158925531
249.04135149853886
276.4034411520254
-997.6088959461736
73.87488844583834
-202.60611957900096
-127.55136402887115
1229.9462874116614
-246.8503137561828
-388.4796668769279
10602.14228608144
-757.9375582068924
322.46160815667594
424.2908448106782
239.8099091242276
1093.6049523053177
469.71727067709446
153.30216645398934
-359.346720307444
-60.10652496094906
-38.80396452395121
472.1873220959421
163.54183047236825
2404.8472866148263
1850.286906404788
2394.0692995242107
-260.8118050189946
474.19256669779986
1072.7951010655715
-258.7667790089315
848.7102851739448
