682.8310423263762
1358.130164331992
875.9937177513302
634.687990726907
644.2573775124454
-395.76909682043356
-148.27592931849642
597.5123922927811
486.58051217724915
-171.03330910873353
95.55917454440964
874.5082232142408
603.7774753674504
1044.1589634714796
399.29956423085815
915.0125645282576
634.687990726907
-350.3252940892763
898.6752676500095
311.1639004349338
67.75695442072822
-57.57710266046183
1283.8750972615237
185.98299754167317
167.91910774310855
668.2677133113506
-413.49075073187987
1035.9583252789366
403.4606258974557
-240.85898937921672
987.5224111082578
848.9912300247374
834.504732986589
53.81440873161432
526.7402127084993
2311.816708526294
634.687990726907
583.1542196876248
71.00683865510678
213.60244221695405
880.5906542543052
933.371887680209
66.29878560022905
1325.1409718589825
229.5743163739578
1179.1538131387194
197.08640179591367
-68.57283308512422
519.3076525319511
-462.68532911116245
509.4914861130913
980.0970057481022
396.75245039631847
528.7732702758499
225.77726519606767
415.54506964039933
1120.4101083697005
666.4659768382038
465.3595369064815
877.1994905747265
384.127167874675
362.82558722893083
438.30735792812015
897.6466904864862
125.10181223253596
94.51238026550266
2228.825057093507
922.3845553718681
158.23061881465048
529.8018879069375
191.43595507602936
-430.13840147137216
586.5120874310106
-48.455576819613384
759.8278141519704
1236.3542788526977
23.16527298542701
211.9874990171216
11.542905760969916
11.542905760969916
1454.4007931311603
921.9642196183887
-172.3611208537427
634.687990726907
1001.7884640039586
112.93152407576167
1215.924627787334
634.687990726907
710.8245522912794
233.3395991302737
544.3104469879502
396.75245039631847
220.80102407379468
130.04618391923918
613.9025145421084
531.9366949899114
68.49201425121214
140.81442564662814
475.87908859333714
315.683989623912
434.6225793726786
346.7978610781904
546.8113793518406
319.37802505016543
-187.10798266947359
1092.0484325354873
874.5082232142408
366.9505848404119
874.5082232142408
231.41292209872734
634.687990726907
6.958102566369462
22.40412726509885
-262.7325658918496
880.5906542543052
1139.8054386631816
965.3864372172932
228.52376023398335
1524.6006474970477
1159.2028476381124
18.62332273980485
212.01534115507127
105.92695498920557
812.5340296588055
683.6937180562497
399.0867238621598
132.85889851856444
599.5256202243555
1084.213854964777
595.1933481660304
1103.7881725778566
834.6764536254439
77.99143593190195
-136.30146372363276
488.6853732057356
129.26654270410546
312.43822855140127
874.5082232142408
393.82696583329897
2603.0488598499855
172.5517880902044
188.94462065196808
670.3450534768534
900.4473333363262
787.8939266028981
1857.4112177538148
-430.0978664894617
824.9443980078798
1357.9110371338684
546.9489299557271
454.9934522672329
1376.562742908015
995.8548116501124
-284.56523329858294
237.0910701406093
1018.3910657317115
281.9443862653739
874.5082232142408
325.6940165313157
382.20570804905867
915.602572924922
422.92894808488825
748.5531325532395
874.5082232142408
262.74436407523433
2210.777527664187
-229.5220725385725
800.4832134400788
1371.734658987743
620.2761228495148
88.99555404103148
117.62800963452605
256.38745156914536
4.4374977378696485
1527.608751101383
181.20235233889412
244.0628992163717
-237.45549779668977
-63.58176564278233
1791.0692924640146
532.3911961634333
558.8789264830853
18.33178882568643
-344.9117466243481
949.6966862401982
820.0998083354493
592.5679888850241
1388.3350642072583
292.65641390162784
232.4662478799599
301.72402828370923
-124.02430166341605
517.3892530326781
-127.96126397994544
-52.08506206728964
740.9745983418406
913.9645693143857
68.85646874951885
3682.243705791162
1094.0514566516472
1624.9623839774129
309.4385882930081
57.94866109881241
1858.1796799042852
468.69006519815184
-23.463212276848935
719.044312075029
524.8776480951184
892.3248291153939
180.51873691938738
359.0166431897578
-38.69970384818191
422.9337781427493
-248.37398362559145
63.11057044638335
604.4030842850253
511.88007546414894
764.1492494419263
517.141111321202
566.9541029265002
57.6190363499893
103.28582272374263
634.687990726907
-494.2931870572586
230.43464504685784
-227.49116657441823
834.504732986589
1957.7458449224798
-14.650018061684932
421.46621548581527
441.19424562962115
133.56452484091346
332.2440799193033
634.687990726907
164.9418781410792
580.7124630696056
595.9404779221425
401.6953354233957
491.56515408825203
765.9036828293528
210.51232209118723
551.5390936963722
443.46075571672236
1429.6202105461102
479.51347241348685
297.85458339765944
366.506937437713
57.02634324661392
1024.4267562780894
1379.9365877480836
301.4794431525731
590.4144086800638
912.8605412104437
589.8829722953712
2094.0820564098212
1445.8166863396912
1083.2689151274244
207.43255819647214
1188.9148495109976
333.1784886255422
186.23020140688442
403.5301601706317
1171.1774737563157
3333.884229012734
3914.6573193091663
763.3431001190577
979.934390365951
634.687990726907
395.95369225692093
613.9025145421084
624.8237152929821
-459.68100419093366
663.2499010019806
3364.16132987332
86.85236400095118
-7.119715438279854
1269.7220331403691
-92.47058387325205
579.5338112118659
858.1789665172017
921.0193449510775
363.08425560389526
327.095340286959
640.0449173790315
754.7507000166981
364.0209232596686
634.687990726907
1659.5568151295674
208.1695538033553
1305.673079231913
907.9776226623928
917.3191076656963
2816.830564600499
154.69779725376907
4484.4032636294
634.687990726907
-165.7795869195429
58.8135565240525
263.5971067375839
320.9050451477493
1283.4593045653905
696.4390315636903
634.687990726907
1127.3547859636742
610.3782905450288
558.8789264830853
1264.441665126773
227.88859193106111
27.005155551688972
538.4058287834022
1304.28889719474
248.8754703312183
38.786284407608036
613.9025145421084
617.3665174378782
-1.8883669518439774
464.4644490887806
717.5456510837498
451.53901882428727
19.61974239143683
820.6550297648387
498.54091212775563
126.79630051605238
491.04257480534454
708.171961779342
291.7282670908785
356.1064731544193
292.5232376908807
165.28564795019975
295.66602218836704
2006.9825757557448
684.3367702540978
485.19130306738487
147.6537602374499
564.082118740496
634.687990726907
-33.51656310533485
1289.4599197822686
788.5535922351435
297.3000375157203
1797.5421524965466
889.7719857686872
260.96861675963106
870.0476309572393
459.69324797517686
696.2692201932728
-99.095407059173
1863.1976725627494
459.943449437314
60.46173056831606
9.346269934312431
248.8754703312183
634.687990726907
394.1142006447741
-3.0273816845954116
497.6510531926633
11854.387258373934
183.916345813595
835.0911191463954
137.1587375083319
1113.9908793003515
1084.2401129250381
228.37488634999534
470.4618159768607
1044.818815651712
1120.0663794806628
562.7184644148427
613.9025145421084
263.7763701457375
388.2535405353046
703.2751094960302
270.8604378691171
330.0721750289731
-53.114226580465925
984.403043714753
4472.575628397283
199.57211981151244
-195.62004486613262
-163.55393993770724
682.2939346566562
395.95369225692093
1545.5407862687
-141.95773831742474
-207.5145298145303
634.687990726907
1336.6955975648773
583.1542196876248
675.1902834701959
1197.3687325121145
485.8830913213537
261.8842892073802
-264.09154833127525
-403.0351757030494
241.0971712193524
1044.1589634714796
366.18089254492673
-229.35882817188678
634.687990726907
536.6017670131355
1282.7524163320322
660.5329369425162
372.95947496865415
403.5301601706317
497.0491667311097
1538.7582819704237
767.267395834203
689.1364735188723
1078.8757402270226
1358.879603343225
435.11962288556504
131.92528302776282
634.687990726907
324.1720648472305
814.4569884917953
399.46157119760824
946.0044515644489
-139.28696936426172
454.88632922229385
-167.12892572768703
709.4607963040792
629.0108725386175
584.7826109848174
283.34108955365576
152.42898519327866
649.9320213499227
181.9657219765453
27.59185790673655
-275.10914841027557
1187.0819162799262
613.9025145421084
386.58365104895375
362.6137640240439
784.1592348724503
467.4473012327943
1603.0729210469096
296.7515761887237
-584.3716081834775
1269.5776622247731
259.48818444795415
345.43932291959857
503.27478927959334
2335.324474382038
-55.457841476407225
582.9747565104228
126.93091616183114
665.8373818984629
2736.787697381612
1254.258312345839
-260.8584670615759
557.0090945402369
467.4473012327943
849.6729757853805
583.1455019278982
183.916345813595
-223.30628456720058
534.7334317076123
201.18608688416867
544.2965344750492
382.14964242362
-49.664212639677544
-44.470540686887944
520.7411407358455
512.7741415769907
812.2068552902736
660.8063566852788
282.36844277974285
824.1806088676071
245.86831988265595
90.43501011126261
880.5906542543052
634.687990726907
-174.1300915088085
1879.3905056043136
143.27654526816042
791.5404358428724
202.30668344657158
288.3810440282983
634.687990726907
417.49946423879453
458.7303012956005
724.3332275355576
1454.3370629312142
582.9747565104228
777.729274749731
505.6305012746996
2111.760303292289
337.1989487598453
666.4693761633457
891.7283697083287
288.42100986275426
670.8191733966013
241.60967769409177
519.3684775002511
136.4434064733449
1155.5165347892616
778.5431653936197
1295.552900381022
970.9439830478535
1431.8616268073622
-162.28676542696917
17.306339807954373
256.6596813679841
653.0580257807605
1113.9908793003515
486.07580774073114
9.425633819496511
-2.4558476415771793
-2.4558476415771793
102.13562837703398
116.25213927222933
777.0392715051571
341.96496842797774
46.647776033678724
1374.60813899422
331.3221375535302
634.687990726907
737.0837811512775
884.6940071969861
400.07131353485806
56.34382520021927
1516.421786892352
502.47881790546757
1076.943608236466
257.462697936739
399.0867238621598
371.7307627819496
696.2692201932728
859.7981950157937
843.8440446501486
-73.44874176513929
2236.487254980586
1095.21499315339
-266.4016764725461
-12.590766517762063
-169.72276741181554
806.5438171200938
9.910446963596769
1492.9161267538102
55.471387038083435
634.687990726907
557.8969910052518
1075.3943667140143
979.4015398636866
665.1321093018712
780.0510946319341
542.4756200309669
834.504732986589
384.6386403851449
1664.2488964742474
829.2057461680357
3459.090719307129
495.7466024370964
277.71608708685767
587.3678390902617
755.0666054820884
276.83488711173976
456.1756146445162
-152.99781928022685
196.15644436111143
352.0186620799248
269.8391191677058
642.7915007247552
-109.69548232767931
875.9937177513302
988.056094145081
1203.1488491856744
592.9356998465701
631.8656409085386
483.72298829498595
874.5082232142408
-86.0695918588923
388.3821082541058
634.687990726907
464.93547696017094
3678.1591106615924
580.02389960049
178.15030911050468
265.09043072263245
642.6795028954697
358.36789011112313
184.78540853499783
159.7159886027996
460.91479456499974
1239.2938726378143
501.7533412812951
528.1669209275605
-933.9131315623433
1023.2011920031582
443.4448464215989
-27.194467120736135
392.01989419881323
-6.730330086196545
321.59942878535475
1048.7789121147114
614.4678744652895
336.56504885199365
874.5082232142408
140.94942351742344
73.74682625940898
304.96454491772363
627.9356632578864
109.54543055594274
280.3385306886373
875.9937177513302
-376.6311307325518
779.0406309397415
384.2817511083328
645.6487290600533
233.6307738115692
582.9747565104228
270.2317825627712
544.5249481281462
-280.999152276519
844.7199453811502
259.48818444795415
825.313576961474
907.9776226623928
-122.4243789914085
1423.8315915610494
261.0011656510958
489.9765638602163
168.69077295825207
979.4015398636866
625.1518229321453
361.46096240313807
843.6318095509272
656.5945016795976
1195.4353932681743
517.3892530326781
387.42806358396683
1172.4933108759574
623.5962484217292
9303.923348724424
1056.3052728308767
53.967777843331305
-40.85916729393705
137.2209366022205
401.3675215053354
391.97790942311565
160.39609311774853
43.408489149744355
1095.21499315339
-64.85231321183846
39.572997913982704
263.59727367436795
1619.3989949153734
403.4606258974557
880.5906542543052
100.7929959078067
563.1387694227598
1246.2562524394916
141.70901898382579
338.5754512370454
177.40581249824334
519.0796148911534
505.84300422667485
532.3783174840686
-234.0436352532381
7879.326211640278
-223.5759785151862
1310.7995883732196
416.4616047045316
22.191795256159367
65.05992574479262
175.58727752300877
993.5113705245905
774.8622911924663
-7.753802514739618
1325.1409718589825
441.6457580153085
524.7800997014785
208.61331111828918
946.357524089397
1089.9981279899848
649.594900088178
3260.409269024449
1036.288120474218
1324.6070583528071
657.6921486535189
516.4805205678285
191.63035292371273
1879.3905056043136
470.56080199058636
680.7150475377035
5933.396868857267
-335.669068235302
1265.818684537338
370.5226988827625
819.1647366891657
594.7526527584351
470.35279925390296
892.9292116495191
1326.57538574912
-245.61083159188843
2722.814451602463
-36.45517251306728
634.687990726907
304.9283395420022
870.8090681794058
525.5142652927073
838.5403904615721
851.0236236362173
1477.413415264157
953.6128682114381
263.3709917629051
470.35279925390296
2152.844192928394
-16.116593957531904
2285.2266326531594
25.893748170552612
1238.0246073947883
487.83655774685656
45.13801257529883
729.1274723149372
987.5224111082578
875.6863275137302
874.5082232142408
-275.41502548006815
905.2807894331468
364.2916951155584
833.4701854077077
583.8287898489754
538.3984384511302
-27.049196012140555
290.3673966131339
552.5101854197281
788.6746885306037
574.2108930595626
560.4451948103908
963.7428010982217
834.504732986589
1192.8675850011539
196.9346868947548
439.18845676370165
1709.2329032382997
119.87676684260578
1112.5706286937166
77.99405906247785
203.09126382774002
-37.826084532244295
533.2470323291589
5762.746115793674
880.4431423425771
789.0657818136985
257.6250956281631
474.7927185375385
130.4909285814178
-88.54401698260267
257.7483087223136
-413.5449292371941
396.75245039631847
1560.2883482882025
1108.1957168674385
1984.8213468622348
1984.8213468622348
-70.9176975647066
377.8312310530978
100.72957227666166
-436.7507501301627
1100.8501252035494
256.12541177601463
1751.813711141564
485.38000453640626
1146.034123520787
-103.49305603583116
363.02623781916304
8.627558791141155
863.9102355043375
211.74019304389873
699.5988423874767
918.6216296798834
1546.649948235527
265.2523880095195
257.71955610011804
133.84576502233978
127.53853688078283
315.1678004082175
650.1479181547779
474.13548316436345
1064.5961118396328
956.0712119669538
509.9778719059552
506.5706492523794
1250.4128127034433
359.50960471651854
-571.7996687558461
896.6635935591946
301.0347617094645
986.1790959781263
631.6684991753199
213.22178041795223
1304.7094035337414
634.687990726907
-158.37026639630596
134.48387212139647
362.10428945856955
661.2243402745636
801.6534559100596
728.6781325604824
634.687990726907
39.93745315419437
1574.7255562705188
465.15048746931507
232.47611830023544
1214.5351973392235
702.3737189653788
128.88920892723195
1169.692336347816
687.4934278438427
3258.388628210222
95.57207181946603
794.7881556709921
728.8774483889732
578.3905604644972
1040.6948665638117
965.0194586633147
831.4857958575077
-24.987662582838652
605.3328338220117
447.00047316826294
-204.97598155364415
-70.59859732433279
845.6321755408735
98.69257891424695
1094.7699800898781
1382.1528676939615
875.6183833238273
465.55629012977056
434.13037022549406
839.2704410243036
319.22057780338
775.0551315855103
1845.9968908320789
3.492570810764505
803.3175014652837
106.19355158109477
329.8354042483653
-353.68358234649577
530.9105191854816
1370.11300629219
813.4738392397551
844.5879246685936
-214.31291623716743
682.2939346566562
623.6687927852579
915.3634482758
1819.5501988598733
454.1926366829887
841.6178305989754
-489.02240954431227
420.52091915190715
402.613873224155
24.16550696294712
857.2042053310713
668.9032795419188
792.9406987981199
924.5081644425105
1465.3462549526155
-125.69628994974664
596.5672626814377
583.1542196876248
176.1764872018041
2261.158238106608
1329.2591705162504
446.2842728186889
-395.0058376367642
923.9551934917083
841.7154844786498
258.7417275272054
1082.7092183574532
1224.8091923121453
480.3976966244382
345.84315271585797
434.44984790176795
985.1948972589609
1432.366598963014
634.687990726907
643.1335766266238
4724.774592004821
22.44687758961595
907.4109867468228
-492.1411332676844
1662.0818032974855
1245.4767222764638
343.2855136465737
45.312069819581325
619.8799873303275
268.7338560094209
16.029657625041978
1164.4819113939616
247.9057870877072
613.9025145421084
969.5300848671875
3320.9755390916753
242.51636419880708
70.81817877836511
895.1830200343387
12.544272010166537
1391.0620285842333
202.79348502949483
167.96362551021224
-21.228440518989146
277.35020079050156
552.6155846324133
915.0223770203372
-206.4213177075568
203.03856963723962
387.99922885067576
593.4661515611471
931.5704132058434
912.2975094814217
634.687990726907
1084.213854964777
634.687990726907
367.5098526773157
703.4288736977891
598.545326004755
-275.55696380045606
634.687990726907
754.7795735767922
535.9632513862887
1768.578847814933
746.67189760461
321.4890657964441
17.600574610641047
646.8239092011929
831.5741606859735
511.88007546414894
392.3260698768486
-136.13760982489828
1192.262259633462
351.08976544810537
620.467420339227
-22.71563909257293
795.1031022866036
437.8786116286666
0.08986632343328438
613.9025145421084
304.30228335534264
961.9649957414467
-395.70417212147186
397.3045311885383
1310.6192722666965
267.3336376600228
489.15312189448207
880.5906542543052
2732.5539903092777
479.2436047297752
1897.4969059090372
394.65144125955567
703.7981812881461
201.20961011204946
130.7930743735858
1819.7919290474038
322.0854350419115
161.9254637982931
-364.75691889542156
678.6559705414545
369.497577881256
-422.61562534440986
677.3835296886031
448.1769209587125
75.5842652091709
634.687990726907
1245.3059375319617
1000.7502893927999
3626.9105501902523
532.3783174840686
-146.33307206294626
529.940731834005
93.85330697905601
517.3892530326781
1436.5995192095252
992.1170589733196
634.687990726907
540.6094708414201
209.41648685554105
537.1995083060726
371.79643242876597
-199.68992405678875
1637.0941333852454
1236.3542788526977
360.0389507194321
1838.922154404234
644.965360923261
1129.2410413399548
85.49867123608419
97.56783448725935
-446.8773689660866
187.18504825948332
135.10129287864618
980.4766477718479
715.7036611333156
1124.4327352737337
-186.4219560548397
864.4864565495612
124.23329482997292
866.4863767640593
978.734999424883
980.8428754558893
413.53041895315414
1858.3045148876913
136.25153844968656
1937.6230870171505
598.5177770931891
166.7961033957838
-317.1630267460273
1369.3083843408224
834.504732986589
1571.1786091560175
1839.6570087842317
619.9604254887904
890.8683622372632
634.687990726907
175.92934476715016
238.21773967881023
462.4083808058288
549.9583269233901
966.7097214659717
296.5122765995405
327.095340286959
740.4598225605341
1962.5394316951683
434.2616612751273
1496.9753901186832
128.83287957338638
49.28616536177526
523.7939082624462
-135.1732755661701
758.0432917909247
564.2803802286489
834.504732986589
1751.7295294026471
-356.0401136996459
887.2977910487843
647.5008303774788
283.4400270032157
-118.4748186853302
365.4964167621724
495.2356575617182
202.30668344657158
1646.5400026321195
488.05801825959736
912.5451548618585
397.39669437460907
1310.7995883732196
244.96302726154192
420.3956124156362
941.8944100872287
263.3720060224137
1284.5070146663902
634.687990726907
986.8190755492103
1139.8054386631816
896.5033579652466
874.5082232142408
24.44828174341967
3068.774615033446
620.4463790287764
367.94960314077156
213.16970857053064
634.687990726907
634.687990726907
235.44871185417782
1471.4801785279212
810.3909763219694
790.6453978662539
593.2918675572671
637.5375612501896
882.479279749328
2530.272365685906
-42.33984717290764
397.743323163802
329.93151764821505
634.687990726907
544.2965344750492
252.13511519569954
344.09559442992696
-103.6490370637689
743.2359472150433
634.687990726907
854.1786517576797
764.0738329238555
1093.565822780402
632.5278754559426
634.687990726907
34.335211527224715
1106.6378790191445
782.5275813395
1051.856290479928
1995.4953592770012
815.6451563937021
560.6874576724315
-48.414339421120644
6327.955952455674
1205.7946724159
325.33904301318034
634.687990726907
6578.840656201866
634.687990726907
272.9055500705235
415.5158753106791
95.04745299825868
-248.943402948987
546.854777336587
36.65388588769292
275.0817670820561
506.8260771691221
217.39612588287048
787.4533525792928
74.96443798267933
381.5829442575277
682.8065423919246
328.52376633082343
1282.2823694807475
605.3192493682831
712.302131823453
1309.3108696826137
653.3140862218004
851.8891477714299
2161.1859560168864
415.1684527029236
824.2110095556006
1194.6327829971365
-166.50623667363743
612.8602884879087
791.6096059142392
798.2868947205995
385.9411869351292
878.4305239539051
-53.76370656750987
1000.7502893927999
-69.43705534154503
1325.1409718589825
420.0944944974001
507.1457856795201
114.67885404304525
192.4024427332697
987.5224111082578
1325.1409718589825
287.23303840317203
833.4701854077077
-99.90022433103786
170.6792616139486
218.71149299678564
172.988238691094
152.87091504269426
784.0789267877358
1064.8227737363122
613.9025145421084
-16.38173463681119
2541.6731402144405
875.9937177513302
557.8813275188015
734.4722088902154
575.5688317977948
1040.0030334062287
527.5602005122184
634.687990726907
1482.1562928539333
857.274007758951
-22.85020070309463
1496.4630661733686
1463.1354948871685
502.6418748488056
1953.8176459762312
382.74223460894643
1258.3062287874272
299.5700435710339
966.8656152001198
407.82096508560613
413.5121992264034
613.9025145421084
1000.7502893927999
1288.6520196727047
433.78760706914574
-153.84089907545194
-81.52262402806991
733.9590550138846
3682.243705791162
222.08986906370103
587.2795982728403
791.6096059142392
2435.1629848599064
833.4701854077077
172.38493740136096
815.6106595583508
262.08735603968245
526.8439438911755
279.3691964480325
592.3602936285354
9.389352167366383
211.23005332740115
99.87864747764945
1636.5330706200787
355.96921893915805
436.069216361185
-122.99693140474199
240.5741230494508
983.6092884279105
295.3710944972415
-240.18826210734414
57.95063392197221
209.4054842863552
554.3385043781819
-66.87537954875768
92.0859032334829
92.0859032334829
-486.1209098310826
1007.1372480030464
626.3328793616477
221.40831695118686
398.8710470618722
33.8609113723636
985.1400357792422
673.6224984912009
620.1629745282455
1061.387348563905
334.61358875984513
185.17919612742992
232.57818729365465
311.8964936384385
634.687990726907
19.61974239143683
721.9946331137071
353.2655884197179
682.0094488820256
-503.18042335649375
387.19967935106814
-127.57545797443981
1132.909132176525
220.35655110763264
875.9937177513302
951.4504993074959
1424.832807903115
464.17469957328547
584.6893485137622
245.86198487242848
880.5906542543052
904.6277473799394
1479.874643509564
346.36443143944723
274.5155702336348
-144.00268823290264
33.302041217532974
613.0932323297699
478.0537835819831
1065.7327594267692
965.0194586633147
-295.9631996919867
750.254708792274
1284.5070146663902
1501.1768703356177
599.2357315953701
604.6839111273388
334.56493306041114
634.687990726907
1098.1189797368334
874.5082232142408
468.1717028321907
379.68857640796983
-87.51735575166435
231.41292209872734
374.8827533257436
473.73227370538336
2923.2641644911946
2051.786947187039
440.1462965299686
1056.3052728308767
147.21865369347188
1035.0395756294477
215.45313974597792
677.9672509416915
435.00016717019207
634.687990726907
-68.72457370388088
1044.818815651712
2286.044574444797
-2.9622447014312456
455.17175700862055
593.3484141811298
852.0917986355955
655.2621561709826
-146.47616254417835
93.43142944041244
881.9818899765299
404.89064018713873
876.9431821745043
491.36590937020543
67.89564522449405
714.9001497875332
233.4984380992447
155.2431998924278
824.9443980078798
231.41292209872734
-710.2210107282044
417.16698194952437
253.156967777433
627.8974295071207
391.28133505402144
1356.6726105300877
-403.9808539182229
172.4091394891061
401.40235338083653
138.5797169378343
894.2566116755835
608.0587155522331
179.95137463302967
584.7826109848174
1729.2042741484754
545.111135490351
874.5082232142408
634.687990726907
112.78134920996683
1000.7502893927999
1008.4977066098616
365.4769135781471
689.3701333183903
315.2797512196838
29.697855856094975
1228.394644430141
341.65688406890183
621.024429167263
634.1996640330821
379.68499847134814
398.68052864242804
600.2463784709219
295.1801517366189
865.9732168801314
564.2803802286489
1018.0367780982424
634.687990726907
742.3330856453014
634.687990726907
874.5082232142408
828.5432799293225
214.4234693065564
222.37211502121852
-97.38464222206449
239.5694474537196
32.130453052648136
233.6307738115692
541.064475639131
-39.54002266733619
1801.9584627530062
1170.6479398205956
103.76220736263213
380.06065685813377
1017.4034269881724
434.0844790067666
568.2047794446389
2913.203078176689
634.687990726907
465.06309293808596
-75.24385412516085
180.90071093298138
682.4912584840697
1041.8540155784738
316.4326058652728
1402.215165585302
781.2022392075924
361.45584842598424
359.02099281188094
485.5599112403926
726.951946262685
221.20185369576427
551.4439348598733
1304.2357175518962
599.7068178281465
85.3016223583445
431.7812594313838
1125.7961224973392
810.2364939447467
334.04906501007713
1864.9303495887082
182.9425544986733
544.492299333484
-305.1640333561388
643.935776149374
-294.1153827837337
162.8149591548787
5331.209859141968
1336.2379304422805
627.4112483181397
-281.7818889125475
711.4180601569356
1123.553005030361
1034.8638361596757
327.7016506936607
253.40671758243013
-255.3603933678569
604.3592993181157
302.5203847723545
1357.4310333198619
400.5417171617868
517.2019984592416
1614.0199084013914
869.6221328119082
634.687990726907
678.9180477676995
125.10181223253596
284.89410737148734
537.8912030197571
818.7706866346097
484.8416621471164
1155.414647161214
374.4694251862876
257.74460771560655
509.23538301767314
658.3644246923361
755.9827671096102
553.6994965783931
471.33174091734725
100.13029432913913
841.8828901591078
409.51893620848
27.525395653701366
634.687990726907
237.84192668434474
1395.7345348727415
925.4640772698915
779.8736585530129
37.91757822445334
824.9443980078798
147.32682461861486
-98.37049894074562
62.82352992133474
857.931298873966
206.81630519286102
611.881425750767
179.41061682554238
988.0284203314765
85.45618700126965
386.06212646576944
190.0347680436662
2748.25604335344
880.5906542543052
634.687990726907
-72.83676486304603
946.5097820838944
-505.2952392282384
1279.3960164716423
396.75245039631847
140.94942351742344
466.02299059431004
110.8749114855334
428.1462255126379
1015.0562504422631
445.0934587542717
9.530089451266349
121.60151589117879
1315.8174667471408
367.1402796700544
1185.7664666889516
1407.9091139609336
787.7870153951064
1056.7898698454674
56.65267101821564
334.2280577227145
710.0548993356333
1151.3531185869363
547.798848506342
525.4550566774432
1984.8213468622348
47.99387519939137
356.65075515350316
613.9025145421084
742.1569193466369
741.5562716305599
340.19900940314693
3916.150844396726
1308.3645209529473
874.5082232142408
682.6075054422117
1388.3350642072583
1143.0000602895898
-239.0626996003764
1923.9766720487194
442.1027961998484
1159.5080917866915
694.3971621051409
197.73158965776724
760.581543846272
808.9001287296464
503.2314165388199
-158.04137918280355
946.7213428836582
1132.71622178635
1139.9732191158132
-358.1008239694004
730.5132099037661
-187.61315923269876
591.9880514791754
377.58312441016574
914.7089830572336
517.2019984592416
634.687990726907
527.8807671196818
357.19110274982086
728.2351114038871
826.8313457838918
-29.905111688879856
-158.37026639630596
-24.799719267017167
-295.2935951297669
2435.1629848599064
702.6715170198963
654.5125197090575
634.687990726907
675.862356366362
264.38100111188845
303.71959388781454
653.52529545873
880.5906542543052
976.8618268035984
333.75419577873805
178.84988755467145
113.8296351012799
803.0865547175558
390.1394676269248
327.1519377977593
315.8649213699728
1419.160373541516
1086.6048035005715
203.8176889694838
747.6768335545261
704.2948480230169
303.3097534574761
715.7036611333156
924.1677974905701
281.26232915049
415.16746445703
863.5169983073242
1503.0503707027956
516.8298662841581
521.0030406819072
620.1858792686128
-15.73520193295576
329.6108044559814
900.2768608696429
1012.0768865626327
110.66141690335564
121.12398504400869
604.3812790738064
874.5082232142408
1538.015815968965
600.7073490695278
1325.1409718589825
1127.958930145656
675.2520822832394
1388.3350642072583
1390.0995274178895
1514.8347667348062
876.1987667998065
634.687990726907
-34.380552116256126
108.37400237595693
675.8688143380613
1016.9426158065407
1031.2893791962756
85.70172445214155
1279.9989415991333
994.4832705997322
407.71350905296106
489.7927465317801
1855.5073010810015
377.39384930515735
-77.66719108166956
165.41191924636337
142.42213737622097
285.44464303809445
525.0613578902702
486.4519207902291
459.2071175710825
452.1353669384078
468.76070612772986
461.27374775666283
786.6562694060927
173.79977255231125
435.6271711176858
1230.5312916973958
196.0054619785068
954.8433667900299
1259.5443944841359
303.02177000599215
591.3469728067893
446.55831901670854
214.04694022031117
491.22990295381953
211.18558409526935
96.3473422959346
103.50153422461142
-244.53105084668368
-79.43991864251882
952.8986952656571
634.687990726907
281.85014403556534
774.836713437887
818.6965563308072
315.53746702022625
750.5956394028747
371.13663836503315
714.969670435515
-69.86227791577619
611.9147382174081
391.97790942311565
358.44838798287645
38.56204069809178
794.7088916719181
1710.3806685221298
466.6886904554541
796.1721453522673
1960.982805359953
1227.1638352294035
865.8044750305158
103.50153422461142
654.109132757469
1049.8988241784255
514.1639261986411
1309.3108696826137
415.857732915085
936.080682640289
646.3127314519475
648.2742111087728
325.04668531085764
634.687990726907
793.20060479784
551.9874511531556
605.9874859561983
1388.3350642072583
-268.4680346357294
605.5941846318015
875.9937177513302
527.5602005122184
-265.70799574133673
471.3146236103065
963.701293895946
637.8117706934361
190.5514282303418
218.99358975859576
567.2210832165194
605.6377437212112
126.45032397201146
43.849630718477556
875.9937177513302
1874.654989484867
1025.5092036183491
307.87044060773707
-164.43295402984654
634.687990726907
105.62150405570719
44.094037610836835
-285.32491788628795
1046.0057236868786
215.03204084216117
560.4451948103908
912.7171019590329
601.273790332483
920.8792149561891
1916.3422469843445
581.7682899465107
115.2689152780149
776.0842386392908
629.0108725386175
1292.7293047997741
632.5278754559426
332.47796613113775
298.41535697549114
475.6591882443972
582.9747565104228
328.54908440311027
-144.43226473054585
144.79745043307184
177.11359961884887
606.9343036205197
-242.69295991289994
574.4237653748172
551.490300995588
570.0639280476876
1295.2165531210085
634.687990726907
804.6752122030066
641.6025028345681
192.13442485051291
583.1542196876248
889.3833254169122
634.687990726907
558.8789264830853
-31.59434925039784
875.9937177513302
578.0136414252621
581.2939764011194
862.0511897127443
105.47208623361348
602.1594562188017
1217.4144783630331
770.9861152529727
634.687990726907
31.923331055599874
411.74022723649216
1119.9260890062149
-51.784971267548826
189.77659669952794
634.687990726907
740.0851313871019
965.6723215294039
101.68671480426008
741.5562716305599
425.36179135090634
684.1617192270503
1468.4293866929756
197.8539008618054
634.687990726907
10.007978302219271
57.88452869201751
837.3394087439425
336.74653214984477
5336.0451076693125
305.3097381429248
634.687990726907
584.7826109848174
168.72964972826696
758.4889409790119
173.75432145704957
633.9019904124427
449.4430512427209
844.3343989145337
474.9333453959334
385.2710483372665
232.66143088400725
1267.2398168203745
690.6358173162171
730.4308547540265
241.9518557427632
-21.03568129718144
887.0406112804242
-248.74703059858825
137.9047715375279
168.72964972826696
469.2808499330223
108.2925364030325
634.687990726907
934.4246701759746
1084.213854964777
603.1923151891656
726.9139032242388
732.885138287494
381.9065002041091
347.4139795177085
958.9674338347306
283.529084155606
123.61317850718353
698.1578657150354
582.9747565104228
312.1285106690556
602.3440856509171
1227.2969697412495
634.687990726907
356.60068222799816
750.8599827308051
684.8747158792345
1529.0586710738658
-137.35716014116633
451.59704278931974
765.1277716133491
-757.3194766153965
632.5278754559426
647.5839560921988
430.76499714586373
634.687990726907
1365.8135268365468
-397.4919172567959
435.2469916690183
540.2226969796936
934.8071406987633
406.5218668848977
162.38932735441722
969.9747358326621
613.9025145421084
330.9710384777376
314.8928241174127
-36.299410351769666
590.5556517777767
78.49728976917265
219.57190359133608
36.80186379892734
739.0823041833269
634.687990726907
360.33810029962996
317.9121240894243
872.9421996367786
133.79676846558027
1118.186473215284
3388.7074741880706
245.01959058495333
695.5321678128919
1709.2329032382997
787.7870153951064
726.4403684476092
2167.2886485198537
170.44107304104364
2533.128712536804
673.014004150314
153.84695391156276
122.99683356830985
365.23436092491306
760.3458869620046
1065.9151170544212
888.4978684993944
571.0112965343149
177.55738490781124
896.7650909253596
634.687990726907
657.7155631584787
476.15309660254206
788.6602770054876
462.5359552538252
-184.54713612339276
232.1249001571167
232.1249001571167
786.4457329473585
29.66769436233085
197.17922605591548
584.7826109848174
590.39777658539
1542.7042866440233
12.194100476957146
1275.1308342003128
516.3464259965076
634.687990726907
904.8396558529915
615.150037685095
634.687990726907
653.0910582855615
768.2095589412102
283.22879112349335
245.6781375493556
870.7147325689466
1720.3512815142876
75.54082982104251
648.5323868530004
255.00466780674856
424.5055687578605
318.57554451194846
117.37511038053685
608.8329718662317
476.58036820756786
305.5263674980893
1250.2117477426414
506.60092439906657
921.8649393340818
705.441175589356
1056.8889949142429
1222.2549735816438
406.94819138869127
89.57924635247844
469.9297222389873
1875.3770409906342
1125.9358542342566
613.9025145421084
702.6715170198963
-157.08152414259212
845.0950028259736
82.3845105663645
1680.8842921616165
551.0944677997165
2.800434648507121
-84.11944977456608
366.6038832322381
92.49875110416838
560.1692191158447
77.3859355728664
1164.1934700124339
610.2051593061412
-48.24879679457888
204.3850751500213
115.77161433706874
-48.99640016385638
314.5700459621414
1128.3410169823565
225.948544866318
665.5902691218873
619.9661118127931
290.5406636698748
1105.4383650908871
548.1126454100636
874.5082232142408
405.25486785709194
1361.1537269958815
834.2897795878675
199.02052079149956
1127.347382811783
524.4884402430391
634.687990726907
862.1108790213873
300.6821468212554
2020.6337995585384
231.41292209872734
-62.126940627347494
144.4341666058824
800.6581607966148
193.1136727631257
709.6035855632483
375.2586006507247
874.5082232142408
559.8291087878176
205.16871710163014
117.01084402558558
371.9106544311079
874.5082232142408
643.2393982400599
1006.0589404650623
-21.377205302408584
446.58927510295496
517.2172245542511
699.210332795135
972.9586893471471
2228.726699810128
737.3049193424299
54.52123408582145
721.0785034223904
456.156017992507
-76.20775327864101
-320.6358170230558
595.6957087911609
634.687990726907
1185.1906925771455
787.7870153951064
-74.79032507400257
564.2803802286489
-557.3112236951213
515.5990005169128
545.0358993171591
334.9622938074689
-119.80486335035334
620.8977170925317
289.0320249245351
568.5073469549086
133.0706433712565
-236.67191782270254
914.5006082041424
71.73652071141896
-45.08610197301118
-250.8816533347226
150.26174773343791
390.1829150947183
426.509633624406
213.14392048805126
418.48874208548466
164.70043612805011
-351.80383647823874
219.5474191166341
1104.3587368438884
79.01794690341103
415.8250458118263
1056.3052728308767
-8.818963868962442
2610.1253679333186
1525.5470673042105
1148.2544514085594
350.88260325594325
1500.507345525844
1192.0047356883467
406.6094497395732
835.5153082756444
533.2470323291589
1189.9349624119927
1084.213854964777
545.600067589611
370.36192722538425
541.5987276374972
112.198913929701
232.730154877955
68.16046484987567
682.4210065641953
354.4100005182686
723.9108467968191
613.773357854376
395.4387261293664
647.5298562853052
612.3377371703385
45.30022264667457
1110.4311665140026
195.31964516088487
468.4511524880978
874.5082232142408
325.5876715547246
55.167908026809414
427.25722724039855
634.687990726907
-17.42497421717519
516.8298662841581
9.530089451266349
1105.2822680470717
2142.068525049638
634.687990726907
1145.8083007329953
609.300153596698
3381.5280557078577
1724.375318092825
159.4188103089313
634.687990726907
527.5511356158221
775.0330673898745
332.46188797539804
1126.9650719659114
-151.28946671208678
634.687990726907
-191.30960795413944
264.60945854628835
696.7951668514859
113.94135279524914
634.687990726907
593.2918675572671
1547.3739300133902
-136.1043202759921
761.2190674857305
344.5491112465472
1027.3221238591934
900.9006907958233
317.3481641328779
857.0023180708447
-32.96439371196561
2662.932662936337
540.2007002159226
373.80526394544063
-24.939182684859816
-53.24140141483201
391.97790942311565
310.68714026898846
874.5082232142408
783.2274256945559
1963.703356749671
739.4551365093799
847.6306840612784
835.4900730634289
383.42360181469724
15.929589119970387
313.0695183213177
1681.979391624929
763.9286017414694
510.0814874706131
416.75572111425083
13.164120664292227
335.3770935883058
607.4304228409649
6856.509722329854
634.687990726907
1027.4509953030695
408.4483289073104
1282.562495441668
4101.335147427959
1227.8736922233484
1084.1518366263745
790.1134489443402
828.786545459656
1146.65545402706
194.35449635430632
1053.1940051526922
480.61551085728325
875.9937177513302
1261.7209622980092
119.64159834150269
-414.26061198534944
525.4550566774432
632.9774614907949
507.9107968776649
199.3103854486896
251.65773951503525
245.75119167103992
430.7505693264468
634.687990726907
1215.4582909644462
163.9690322469362
847.9259765848651
1775.2538153328371
521.1341498083777
574.4834879218108
1130.2153314666061
34.335211527224715
709.072532735921
634.687990726907
719.9168116603912
199.76982061066963
209.13803183540915
516.6308000444294
772.008258729699
1110.4114332272097
430.74467794330315
439.1826480237924
874.5082232142408
125.73628886835132
377.2667430022685
341.2484690980182
245.59607078282318
716.7964464935084
590.6103087862047
185.92800969930994
634.687990726907
909.2916461685678
170.71064843486283
158.816955881227
51.95439976893033
605.7430563663011
1000.7502893927999
-33.669125595306696
464.12589239146035
634.687990726907
870.0787961336921
-205.44998584316363
921.8649393340818
874.5082232142408
634.687990726907
1301.4511270740356
180.1202896050563
1544.3163202713156
291.28647498130715
388.61568164049083
874.5082232142408
54.37758612384755
634.687990726907
779.8736585530129
1382.5770516023226
875.9937177513302
715.7036611333156
496.43149438654535
319.22521181549223
476.5736335114119
1388.3350642072583
-295.2935951297669
935.4105982397317
902.3364740759315
973.8952489788904
383.42360181469724
634.687990726907
390.16425380099486
409.80969703839173
305.20303345137285
66.45112503641076
2227.7585100729484
834.504732986589
183.4920680747145
1169.2303201763445
198.00241655013622
2021.6985680426537
912.6366027622973
634.687990726907
419.4316563434619
188.0777259084639
938.2750253656341
511.19984397898486
866.9053133137579
1046.4969857493222
855.7642314340834
770.1883478392544
336.0401986179856
424.0212927794581
255.9639945431818
340.06055240295655
-72.27451295907485
524.8786909754006
874.5699255740299
198.42691247561493
1115.5232113419463
69.61314377632198
787.8586674453675
1284.5070146663902
1052.365129381689
169.2382752216904
554.0401853848746
824.9443980078798
500.09503375151746
388.58865534881386
290.4239282920206
263.59727367436795
567.2210832165194
700.1234349413992
194.84144524928683
874.5082232142408
897.5917374057105
369.6983189485048
477.2416220205867
449.82890280339905
592.2477631571569
291.3634142528696
1642.9731586173139
119.46257727750344
1479.6809798061095
551.189481624517
329.7603304945403
887.3478170482206
574.3784865833754
653.0910582855615
858.6635301905401
96.37788686661736
875.9937177513302
202.30668344657158
178.33654349540228
389.5715118022717
1314.362727287882
390.93686161826497
4819.582148315172
564.6698760693627
311.99282853684184
1231.139324203561
1848.2566471155546
172.9030419471179
231.41292209872734
1256.1260868401596
634.687990726907
561.3300685018611
141.71461667377434
68.37200868211039
1252.3203061023553
918.1099778673739
2313.517006339161
-417.1763220553587
858.3719610737227
940.4598213963238
229.26856802301114
123.3968968194755
862.4815544370122
581.5361317699638
512.6808909976778
677.7877104566224
875.9937177513302
-172.45561682755033
325.0992300677191
701.0793849259192
187.20140535378675
1481.4115682662236
1481.4115682662236
383.6256618499035
847.163585122599
634.687990726907
1155.593062306375
1099.9007393305221
-198.06706354435187
198.49244575855414
96.27959094454445
1916.0803865067699
452.0180062574084
1852.9691506087631
583.1542196876248
131.2028462407078
1733.9362973564557
929.9631457057877
932.6794633164778
1519.7147154530421
810.2101608204816
313.61827838403065
1056.2501775155326
479.51347241348685
733.8011834808574
312.1285106690556
363.40312024734027
892.0877359369748
634.687990726907
1484.9380980335445
349.49234277735036
590.1348628400746
634.687990726907
483.782635071282
654.4685877529482
630.1675701653802
298.36512758222517
750.0077963953793
226.01516832206005
674.397860676867
15.209814819450116
2080.314364941145
4687.158849645493
-47.154948272451975
658.3644246923361
393.20447505272773
431.8903546327108
866.011266218974
48.35599100682066
453.1376061910785
469.87448265506396
-342.27173969774526
-24.839954611171834
-5.9094056906352534
781.09567441998
254.57021345031143
962.7038087333178
410.0165255536756
954.541340154168
634.687990726907
741.5562716305599
953.6128682114381
1100.9195380236913
257.4740918256269
330.55935832376537
889.7719857686872
150.09886855396633
770.8464509951962
634.687990726907
1270.6371408141276
584.9542633896986
632.5278754559426
-27.777777992680512
279.0040147360214
2233.3971030299854
-109.91929935040673
159.83996728674538
403.74240104971625
101.3679245961738
893.1840742596626
1254.1394091556217
-145.83327432769113
461.282169888133
1500.5679057050297
197.40304020657862
705.5320127859122
930.1396282882117
-61.816833135145885
634.687990726907
644.997155001376
372.49396181376875
247.93630247501517
1667.0514901425295
790.7175960962527
151.03420089440533
184.7068549428269
935.4105982397317
1217.1474202154109
1662.661157873583
874.5082232142408
-821.4899952678134
1053.360240516428
1325.1409718589825
-275.1276333799965
592.4586071175703
-335.56430926117105
987.7927049261777
-124.88571310152145
247.07906819401376
218.2773656262537
314.80386341281053
1230.0721351161492
-95.33382046170823
302.47481928249834
120.27234013463749
560.2374258685849
634.687990726907
1096.2811287771228
240.80290709896605
383.15961316594104
57.988593464945325
565.984055192581
1182.8071744213958
1766.2064178410615
1158.2854858554508
367.77871530202447
516.8298662841581
346.29044139207724
21.846997476823162
541.5362443555299
956.1593259966418
808.9323237984122
1320.1152392956446
139.1306839570318
432.4891094770836
1871.007417785451
1709.0235322732108
1027.22891291002
275.6070028907611
242.49506392721116
634.687990726907
1409.3122392500832
222.39640949846557
83.72271944645297
513.2487131982236
355.61782783600927
425.2230823311012
74.65125781854226
-92.23975160539032
-12.576804723068676
228.91411227644994
26.747846854406816
131.52639710314224
144.3284865684392
301.2212247165059
764.1369015791084
1210.3236181666462
1695.764003370747
314.64530374733795
280.3130160627891
824.9443980078798
203.27814516587563
752.7157145621497
467.3204835757092
2075.702056460257
300.7413147668794
657.2655943682569
880.5906542543052
424.0212927794581
485.0701524613485
567.7830630375627
-39.024571083484375
979.6971020342678
916.5170599351444
378.9448398885124
1097.9445567645762
164.2198216705674
41.82487002190885
291.2848266107146
89.77911491350346
1006.0849664701809
-389.15464592201624
841.6420856939374
63.20384380970347
1768.578847814933
603.3908466456893
635.2485064417459
170.17363861261617
1205.8365526822886
2218.0145623945036
461.92012157466206
736.012687295817
978.1721797965048
581.448114317574
1.3072124513903418
930.4669629276403
-119.08112159891971
465.0662891265209
204.99516380823002
2249.5390509488147
171.63514573433156
1000.7502893927999
513.8035918081865
634.687990726907
635.2485064417459
-151.19077550241343
254.08712196734143
634.687990726907
20.63959862376089
-171.11456455601422
1594.472085823464
106.07156157057693
1137.3615574525734
1084.213854964777
1296.9235183054984
580.6623311809415
709.0406962847227
1009.8112056485892
-54.57758132499862
824.4199797490141
724.103340438892
844.0187547747215
-5.025540695332211
26.154018205908415
83.72271944645297
1600.0070080452451
99.11058959440948
86.45251508484785
634.687990726907
-139.5923420879568
335.4160458603737
1031.4727212103417
631.0500287416646
1061.6213486525717
1495.1643420209796
83.72271944645297
-57.24024213126245
83.72271944645297
83.72271944645297
634.687990726907
540.5210024643909
587.7087809276718
291.8538786635112
874.9694253193777
490.07871802704216
821.4750597413818
1580.6917887361742
529.8606176196946
459.91617218281317
634.687990726907
1074.591993089092
36.87127316607439
720.1960578479823
185.94700901191874
557.6799592056161
796.2831469766215
1846.110393671236
22.942704394289194
880.5906542543052
756.4880394198807
640.8084148970179
75.00992585764266
987.5224111082578
418.0323836377433
-74.34976757390586
-76.86389831052406
-186.33137925677374
634.687990726907
-29.32056932021942
-276.8506751974527
412.6963910103874
875.9937177513302
1111.9892081251521
1805.1944525014173
712.0312989731956
191.74399274394744
766.4350340381457
-30.148644558290243
1527.0189972713251
421.8794880816714
1276.9223536511663
219.5774279079746
512.9976322810019
634.687990726907
583.1542196876248
774.1329627060403
925.0248135313566
1871.6984101211426
926.0078499765627
687.3252046717537
534.0586482474059
935.3360815269931
627.4441803776097
1102.4854595664776
-76.1590805461143
1417.6138428895765
660.8063566852788
-296.37069620500404
199.0392700990651
-5.19410309371824
610.3782905450288
920.3119315698509
-127.07690309415466
773.9247067798088
105.21864768535124
-18.872644960711114
387.5675677479424
200.8405163459588
337.9175195132767
787.7870153951064
408.6976061572225
223.28161277651805
1468.0664800013014
-38.731670744373105
880.5906542543052
29.72936405014184
874.5082232142408
-10.354465398492493
634.687990726907
433.4524115932751
1410.8459187255949
-103.7758487124297
-400.3253245781498
75.28535126914767
374.49941666658856
499.4156103490027
639.0572872357908
194.7394945722986
106.42547269602449
840.059393806404
69.70864833528321
50.19151588733769
634.687990726907
19.873481680768577
1218.4415650051667
880.1818203539519
633.2658012172453
596.554005438084
49.173506077157526
535.6357426338452
834.504732986589
520.4851708965714
1060.8751755833807
365.23436092491306
479.5984009031049
507.07623796529566
634.687990726907
844.2064000862786
-7.696536774206834
975.5216407807959
1262.9935182031043
528.3880404297315
158.13780600315727
683.6775570376356
178.51279167020198
762.8879790770624
502.89030035078997
833.4701854077077
765.9036828293528
41.5113810354984
676.8256232805078
386.09656261429035
1856.1258839150962
302.40829305020185
1620.6049218302073
1266.9081767954285
2381.5715275472357
-26.13469008945276
473.39101992452026
1084.213854964777
-60.496738284726234
273.6742778903866
487.6248160763659
1874.1118280552416
346.6258488946082
1172.047869438173
405.3385263425649
687.2890881276973
694.6400731751538
158.46522572010554
656.6258225394795
-31.583098067452056
576.3323109581456
-91.17300163044104
182.83357647911822
287.5625708650198
2402.191925808491
654.2095506816685
11.553571394453456
489.15312189448207
874.5082232142408
11.553571394453456
634.687990726907
564.2836237822203
308.13684584427585
555.7041965024354
780.9111478786974
442.5615359209136
549.5644528465579
403.74804625430306
412.6798707788939
370.93656892947405
551.2646594893823
629.0108725386175
639.3798768388464
1575.327572524648
2704.2086794448833
339.4243682700458
-70.61280589418482
66.37248732147555
892.4579788907968
1146.034123520787
494.09516893604996
363.26060586080064
685.5078650358156
396.33946068909836
634.687990726907
833.4701854077077
728.5794675292943
764.6746448170071
466.1864470572793
219.7107274236584
1269.3293072017896
330.9710384777376
459.3276507580462
403.19184605345845
1210.992619481604
46.87365987745386
446.021144738242
1369.3083843408224
1379.7279508331494
795.5573329507238
634.687990726907
136.19734700601066
402.9074508884414
907.9776226623928
634.687990726907
874.5082232142408
177.28942596212806
389.51390277357393
1915.5455740210825
874.5082232142408
219.48174395340425
-172.258349712043
506.04126434533276
1369.4872197160323
1477.0606877968876
485.2078662412207
461.2613460994471
332.7366361039228
1374.306241095674
1284.6140193536983
318.1038592572612
1064.00953337072
667.0108656659262
-316.088204741068
365.37911391034766
417.16698194952437
1376.5265292620218
634.687990726907
3078.2510808911456
593.4661515611471
201.62668850494998
311.08977147256803
779.2177862319783
889.1942827838925
383.9815480723381
589.2652334122213
48.79356827504239
116.0715596515281
424.25225109243803
533.971543494234
874.5082232142408
151.61800224205547
1284.5070146663902
991.7000888136804
-621.8404536880962
320.92787198160346
320.92787198160346
681.6340789280695
-246.54479538132762
1988.6063102733822
1435.911724885774
120.665603478653
1365.976144839726
980.2141971702039
369.32446442027197
344.09559442992696
-68.29561566654797
516.5779237801837
-224.23253705535774
394.64638290216004
634.687990726907
1001.2336305344488
379.55100614103446
7.730508357102622
1008.2699698647912
634.687990726907
644.965360923261
458.7303012956005
874.5082232142408
1186.0075231184396
297.28364663645425
634.687990726907
-90.46577985502529
339.9254314705124
436.0615647677281
560.7130370249291
298.91585441090996
975.4048043596483
-98.18453294206586
322.25737657056095
205.5557233818762
528.7433336786644
874.5082232142408
875.9937177513302
61.257323893810735
-89.72954795125611
581.4903525008247
180.5036773151744
352.9350933419379
164.7229779962654
294.1606424474769
296.667160724552
178.34814247419655
-3.891762619600513
541.2283707099346
92.88542777194607
393.2732037326641
424.1079333117645
268.24497293240506
2242.3428210522106
-220.62519128734857
1155.3795654714413
-365.94941350396755
284.845501388978
231.39605401701226
510.2670763577711
555.7962005435293
1295.552900381022
535.4740698275638
442.5696004232922
1273.72604227867
1917.7961466160145
692.6195035793921
318.8992612103749
217.4284376554039
406.7485144498831
696.599360377845
169.31992209706624
467.1944201040994
37.14389736322505
998.1401516751298
389.5134098720436
384.58002048217554
1507.5096909765139
368.4367857751296
885.9256826947271
389.8608576086973
516.8298662841581
634.687990726907
233.9284385529919
177.72207643020624
1157.3905565172868
298.4691357592624
1214.8771859285582
601.4558530405343
5959.468478655452
634.687990726907
1060.9192148044551
381.0087627447658
-5.391999498755922
182.76302842132975
1629.292503308931
1644.2344661007755
300.1294741853625
463.37846303017375
1915.313292375615
955.8498958686696
490.24084479928996
599.9430727926283
2857.4654243040486
582.9747565104228
967.2373035256327
103.07920678221217
236.2189519898409
2805.8533528943535
116.68888379277428
62.62277030351197
235.69902119939144
834.504732986589
758.575406100334
217.70156059680426
882.9126286897184
2586.033993317261
634.687990726907
532.005715164756
880.5906542543052
447.969860314877
296.5137685777018
1062.876685801677
609.7089463426066
915.4094656914064
1871.007417785451
327.45945397731816
243.56009033198302
418.75701567071053
1496.9753901186832
41.224379494457025
807.3400693280441
-47.15281357685376
4213.63505805903
421.4892974474092
447.0091150594287
-137.76484136429656
74.44032833568144
-24.818090014521886
233.59121434310066
435.2469916690183
-79.72995079306133
2847.813785055292
634.687990726907
483.7413788914654
203.9149536048896
1344.3061064137037
-454.9524537116147
-72.60780882312054
707.1528985853173
354.9876960515817
793.4543456503525
970.9439830478535
-309.2998211606721
814.4569884917953
125.10181223253596
-197.44733426347898
36.32567150525824
573.6972119206052
399.9872782387548
210.84580830298825
364.4263700282029
2111.760303292289
856.3866668819301
76.56385922300024
183.01064342968635
313.9264067189673
-120.10133942613663
183.43593868323916
222.37211502121852
2288.571055251745
272.2746659158076
293.88209204370503
952.7961643567296
477.22971871150673
1367.4358792680741
232.6890443292046
624.3524704251205
539.0049404522427
170.21603596502882
1275.1393224623855
92.19864816820325
-47.51395783864325
48.51838705018622
153.32745718668076
344.09559442992696
259.6195866111415
405.224885698574
70.57858198793019
498.8438438805956
123.43805782920316
634.687990726907
159.9892824061841
148.0930351604149
587.0249463010645
807.2317235062517
-36.97421072524776
499.81239425886145
732.5826020641881
463.2360474539786
120.94624089161482
1664.2488964742474
773.9247067798088
-8.589334385375082
1925.460499700205
654.5125197090575
317.85937242462376
403.4606258974557
867.3353424958415
48.75618019095259
634.687990726907
74.1372181030722
41.58431288936538
634.687990726907
900.9331548083702
229.95120017965945
675.416994572137
272.10113142923683
847.4387830722021
427.3529269449299
312.05476625703403
1284.9720802817797
973.8952489788904
303.35919333298045
191.2605735834054
634.687990726907
875.9937177513302
820.1362957578564
25.688371426386766
-757.205118822973
995.7863074673687
1097.0459740934555
704.152704228104
850.7575010579221
138.9265128520961
643.2631349783417
2059.5055327553237
35.13051448426745
805.3952161594834
1899.1909336666808
155.66726540013184
689.2527556075598
612.8692390085231
1214.8771859285582
36.8111352750052
657.9724259467548
801.406799608435
231.41292209872734
634.687990726907
844.2332503544932
-14.251389079486444
391.72682652730134
1501.3016986212047
1298.0069874336978
-134.99705136253874
1258.9484025872662
634.687990726907
437.6586791916796
1087.863023831068
327.1519377977593
736.7792894581122
171.99299851195678
769.2818479171176
83.72271944645297
839.6782377582977
180.97407395965593
582.5890934824818
455.5316999233013
674.9405981503644
379.4767339801965
61.31191798622535
61.31191798622535
775.9998130857623
772.2181777651875
130.93188738261415
1918.6105759464103
1215.6831874202526
428.3235682122716
634.687990726907
385.8256610161326
826.8694130480675
900.2768608696429
39.92477410924789
355.04877212453584
1029.248850813912
668.3063696644859
630.4378771930144
1006.0589404650623
132.4294211546959
1227.82576115948
295.0330622651121
1342.757912838491
140.14720656065327
3407.638299564863
113.70710685495294
335.1074891617538
72.80904298201096
160.4776425571714
1710.3806685221298
861.758880901069
670.9226122941874
880.5906542543052
874.5082232142408
249.74375017981845
634.687990726907
821.1833848606229
936.55755067221
-176.80703860133121
531.2308900017117
528.9507429598973
594.4622331286746
544.3337421460533
634.687990726907
637.1657775271449
239.63956818217616
1089.82905539159
715.7036611333156
-171.61688791347444
893.0444763076171
2120.802182621483
864.9878195449321
622.1180715496039
491.22022584759236
-179.8505640406961
558.8789264830853
56.926461819054566
634.687990726907
284.3260802824563
6.037991596634697
2684.1696890520607
543.2684691476572
786.487311902167
1117.2074628848318
88.45259828828011
604.4030842850253
227.01387414218908
230.02669005471728
68.79614265555688
634.687990726907
112.22998303000372
-2.9622447014312456
181.02164130318886
755.4396215590409
11.285063922243125
-125.99559860131717
540.1204797399004
497.45797596254977
512.9976322810019
220.961864080341
549.7436465395707
204.19621316756212
253.6121079082106
1523.9881715201577
89.35638893740543
1567.1263375503213
996.5545488308437
960.2685997250039
375.73785990378906
375.0171461375865
313.423902569139
577.9918123353117
824.9443980078798
500.6938865495672
1367.6879604797211
532.1243132679274
1043.6604614472687
5924.7376141704635
1035.1642510795978
299.58763505787465
-102.7703630976473
259.0818807250752
1424.7476764035785
2726.4045189452745
-169.33600941002805
-42.62458938753423
-126.56594494144849
634.687990726907
574.1802296975548
344.2989095686065
356.21657546224924
3340.726443315194
943.6571740276595
613.478861477398
323.9586284794124
844.2332503544932
833.4701854077077
1647.1569381367744
674.720778663285
7.833497376093192
181.48058468247257
393.9738003092034
615.1084285109222
1650.1620545138223
754.2014865533322
1064.2595527364792
232.57818729365465
1112.2012649051749
127.8997946204284
130.5047083473437
2504.374322847908
7533.267267084118
2929.7643735049924
1011.3531625396263
63.36744599541305
269.25874961610253
761.7499017727775
1010.4752546025393
1039.9262171031355
788.7952844644205
1593.2559326994915
368.27494879179204
833.4701854077077
656.4837182457103
214.7510502965933
965.0194586633147
-81.18530960780686
540.3964149908008
634.687990726907
386.35905053741243
135.05633767525876
548.6044253068727
362.65903034311214
632.5278754559426
266.467697305183
356.7312179005256
-214.54912944087528
1295.552900381022
634.687990726907
88.51810779903337
13508.055139633483
129.0863761888637
-55.92367758301498
542.1701547258374
616.5856937679407
472.85261317339604
-176.0226043305728
604.0818393468927
4650.110601912073
-251.46165576375802
743.6042711178393
4426.217096355249
516.8298662841581
1006.176235031118
1155.081816613084
787.7870153951064
250.05138262329262
809.9463376826188
1644.4137443075342
1260.8127555395213
631.8236128562596
-361.93910859533264
825.6938274501777
298.3741486355595
511.88007546414894
968.5698574986958
91.72778632103768
811.6451805024008
1020.1594758926386
1585.8798136992216
508.96670477500425
76.41232241909393
401.33301854915976
-23.18950657230596
706.5303195309621
172.13999162491723
208.94409470750776
-117.30445165883873
25.29438352284501
865.8182286242052
416.5915778744262
669.1531628262351
2816.2363396203773
1593.5809927483072
1975.0030698553371
401.76194292870287
1097.4013247291593
442.1478096618133
178.63190794237136
911.2948220057847
519.891888573486
397.9789914590902
1168.4270476710076
149.16831560223028
811.28895257629
-184.6528019620124
1044.1589634714796
-144.0765838062025
63.552776869742615
618.4036288488312
334.462736850724
-2.5222738526493913
507.8126946302345
645.5616890625727
375.2586006507247
773.1820628097512
175.05957390495246
-84.09461621194623
308.8309741077469
414.26401034916216
601.3524257080587
462.7803464470285
-146.54072516159647
702.8124452533256
188.0622376201946
1312.8188275866328
213.48306715563774
401.97692868481613
750.5319799320608
3007.9960523618793
265.8539759087231
738.078970445697
-13.378607653951462
-389.7209654513167
1041.52406645459
1092.1169805290103
20.705787337223
302.4856324466677
980.4643273470838
428.85571371299545
562.5358840809678
533.830604916865
810.3712974020416
643.250642601311
1805.7207683683034
368.34226927415824
-135.14186658215738
96.25883947634713
631.0840469245527
1138.051196960797
109.01159153088088
970.9439830478535
692.8228058020553
243.1140446800132
165.61800964499662
2100.771301267274
1146.034123520787
997.7121697344836
1131.2040192928523
1731.9552084354152
-202.8573403607868
969.1321329563872
1038.6458673690627
-127.1184643009874
120.665603478653
315.0986112001683
355.1822290734495
715.535285465558
1075.2959672906304
574.6189260273785
876.9875069040854
83.72271944645297
875.9937177513302
999.7843478579463
10.899276998011828
839.3149270269396
730.7007737011229
0.8151928809782021
1638.682393685524
645.5962297659134
903.1995347921767
929.3963441930246
417.0704387532074
532.763153853722
506.59056670896666
219.2338755768307
634.687990726907
666.0706424197886
341.27017209765165
-369.5194089493142
510.02965258188715
634.687990726907
72.81106049718551
634.687990726907
175.89723905463404
1320.9401436878347
810.549677685904
343.9329550409616
837.3394087439425
564.2803802286489
-49.710064883642985
865.3499510437329
634.687990726907
533.8168460130931
-130.20797491430596
875.8932230257087
413.40669315810464
-933.9131315623433
64.88513407247842
13.164200312678418
599.0109990732042
523.0556829005498
679.0395911218218
993.2644831796031
365.8718496307134
473.49324066611257
875.9937177513302
725.9277256274754
1241.5229302969572
-126.31669227906752
3812.5154958282
-461.102295595766
721.8319208664374
356.39338255088927
-197.44733426347898
1051.2255897258317
-35.56847289670054
-35.04122549177987
489.70624500595704
562.7528398770867
393.49670691039927
285.85099339975613
563.6651908865133
588.4135620237654
-249.76731163465183
544.2965344750492
581.2939764011194
108.51827056740922
777.876509577747
456.7350115516748
487.8501557095436
987.5224111082578
1025.0340210344089
805.9037527076372
832.9280610547016
-4.710332787040329
-15.748787232141126
634.687990726907
605.9372666801868
2723.210504121401
544.1590154298152
254.37378162768346
1463.4148167660696
1266.9701472569145
205.94222664455503
-53.90133804324489
2.5499206873165576
107.60455052452289
1362.1824078392524
-38.48320065244343
1040.5484737831803
178.323418841776
-131.2913915652665
616.7598508316272
-9.414716303083992
456.75975835933855
135.9076693968645
634.687990726907
634.687990726907
108.88413637101826
1308.851216231139
-116.50016605150302
824.9443980078798
153.96129651415663
2543.2782170120554
-30.75045164465564
-100.49360537168911
207.4614216566858
580.2446859746734
65.66672306034718
570.1003628062767
-119.84246292919408
1244.4753359557203
381.03424917848827
705.9413748325727
401.99490953042005
274.0292547075686
677.3174429963744
-283.99264616842424
1238.4490085624543
634.687990726907
765.5484664552698
335.1527596199858
-194.6890886780559
546.9727005328929
911.8652653854617
243.6505259623791
706.5038913665219
48.51838705018622
634.687990726907
390.25481911131993
470.23273207612556
-182.8125831802539
-176.0949627641154
739.9461985150402
465.55629012977056
136.07501740666027
239.73456128860738
611.1018785960209
728.5674464725332
1143.319577469988
80.45457521954813
758.0935115419159
427.17950749685474
9.7644188887067
291.7282670908785
253.79327082891922
309.0508164149672
100.29874709652802
140.79054172593294
64.86060946086366
-28.673247097474132
540.403981745547
449.0287378552163
343.57168164700505
189.21592408480842
579.7834767941904
294.52675553198344
370.2067615302972
35.86549794629866
634.687990726907
855.936934136461
171.23286036824987
874.5082232142408
218.3616497313369
815.2768280218512
-629.8170107722328
634.687990726907
1773.8771309223941
2399.0061731048045
32.862334694076594
813.5952097825366
325.7678805722786
8.276711560439253
975.121223052609
1130.0262639404646
634.687990726907
634.687990726907
3694.0375928002295
278.5582198494516
462.8164709400943
875.9937177513302
109.29782228714907
1492.9236591468875
634.687990726907
598.1469081672212
874.5082232142408
183.31165358266685
-243.6052460470372
126.87600809829507
1762.5620658747769
1984.8213468622348
279.7210319812196
1091.9535968596824
1746.383656674775
506.7652535384669
805.5601554507496
646.627888212
634.687990726907
490.24084479928996
1585.2118237588961
179.77422373334127
558.8789264830853
572.8771056220036
500.31178754389373
612.7026369231723
-242.9433399415218
999.6431241494631
240.04961004334217
944.7799030470007
512.9976322810019
634.687990726907
326.4203061186963
-269.8960812153755
226.84165982415448
295.9268474978488
1050.3007111312381
833.4701854077077
777.513152719865
317.97691882828417
533.7211224222924
29.697855856094975
758.7746367371575
2105.288408572385
601.5751739170144
738.7178818295488
693.0895333461165
847.8777993469167
400.5417171617868
542.7885881309359
1017.7336509197576
476.01032191895064
314.53916728801494
582.9747565104228
370.97187742952735
1194.2436938623553
-65.82693857824347
858.8983548362818
1200.8221584328762
68.679067863088
317.9121240894243
232.57818729365465
497.0491667311097
634.687990726907
-255.10999687685626
114.5938917861447
-560.4786446126054
486.087466874256
-359.0778717132421
420.5989215905337
712.4139020779704
-200.00188997050986
310.8268235884987
225.59009010826918
691.3801861909541
302.2660449763521
1213.949509390104
634.687990726907
385.9903857667764
525.2725820312751
200.2465953695522
381.2570251625514
510.0814874706131
409.12943409641576
634.687990726907
1309.3108696826137
1704.8811396084368
1099.2384888717668
383.42360181469724
56.32044327921585
2745.1642189881077
815.2768280218512
803.7244775327308
1099.7661363387106
923.1897377611373
1415.581204313476
169.77491133696458
131.03176795859184
722.2499825292155
805.9037527076372
467.33601485270674
-137.17739647617725
55.692483717553614
1505.8823629118672
634.687990726907
165.5610827663043
660.8063566852788
392.4707351626571
329.2085183090569
317.5417027605064
-185.36864856859654
378.22283122814963
651.8199898931623
-67.36184197323223
101.72891609483622
307.9162529880627
-170.6245994491968
2268.430393760018
654.5125197090575
184.53150315863695
-138.95608798879482
617.5254124712566
-321.4221011832217
430.7505693264468
970.9439830478535
1362.4940641955131
-279.3108730028391
-111.04902657291541
422.125793999208
390.1081985269831
370.25622930200416
27.40371922028089
-94.45201803253099
1704.7078872259497
724.0452805146291
50.76762211296557
989.3926772254069
105.47208623361348
698.7048535737733
1460.4837448111227
450.2006522819488
3378.2839481430465
109.69818078717526
634.687990726907
634.687990726907
-28.775279333219032
789.6909133232081
448.3082854692615
577.0636615159174
-57.73256202005814
749.830092409985
655.2100245801755
724.8262586251221
170.92321945753173
319.7569396423667
1560.353218003439
758.1378740019726
516.4943658040702
-91.30176208029889
1236.8166844274083
822.7358936894188
430.7505693264468
228.24725520441518
787.7870153951064
511.67196191744466
51.788669814590435
893.89239514264
-156.84563440152363
1303.5266993822247
979.6971020342678
2447.970517127009
-342.92925950183576
-19.43193852300851
1704.8811396084368
564.2803802286489
523.8618927307216
369.4006907587699
148.65867293584017
75.14688980759479
657.5463640343548
585.7478622338076
150.25526997947122
1832.3719955612814
-144.7966272044057
571.4480794290616
-81.84279220068845
153.84385317386534
-106.54622947887299
-468.26163145096484
318.63686203252985
730.7007737011229
348.02522205434593
634.687990726907
480.0260500634711
367.8550220258536
469.4965959038782
805.3952161594834
948.7862217618233
313.11193088195625
365.5795821038727
-50.61848251732431
-104.72772338294646
251.8713994690766
87.04454892004958
2681.281054597882
863.2573134849829
2025.3698610465372
607.0386437638291
177.30638749094118
-427.0842476075352
1187.1623401059649
992.1622397233355
459.3558728025648
-100.18267489038703
-40.88618187867564
786.5199319431927
737.2544886149014
1630.8542418465909
787.7870153951064
246.51904953041475
217.2220993920863
880.5906542543052
1002.2859010244072
528.0597741017918
824.9443980078798
822.332946092946
736.2596278156079
250.2160883773346
874.5082232142408
-475.14595803021075
863.2863073935578
-285.97258946916907
472.4260870402733
564.9983258414749
-18.565138745457034
666.7811331259267
1059.45517801539
147.8237043639752
1192.3354337979952
874.5082232142408
549.3713935388281
634.687990726907
634.687990726907
854.7162970828298
455.17175700862055
871.8797351746099
1084.18064634234
222.10372151303307
308.7374230464257
