32.1791500513433
-28.140161956227352
185.07946154308664
218.20413062396983
50.60769070679325
-1.1674984848658623
21.1604997285518
12.905330497960868
143.02039972697577
-24.073345911492908
3.659178502536322
-18.186242445813658
-53.66024490504793
19.957041298238703
44.57256107688819
32.57822050033538
-8.08523563877692
19.622104034152553
22.622390856574082
4.604291021267511
-12.138681918716724
23.55049631271851
79.09317753208778
1.172041957097317
102.15967827787318
19.166488862926897
-5.271561830189915
-20.203977696922035
19.166488862926897
5.746351212641125
44.239178036989614
-0.24343443819779598
-27.537865963450923
-45.89365593381051
41.760115397469306
5.86319720971375
21.49428988014843
76.2124867222632
-21.048379428553268
-29.170582761924063
-35.01262256000493
-24.50029791853273
70.20535796301276
31.76632587605028
50.384717935940415
31.586984622485996
18.43131865642456
-21.31810232871997
62.27795831479504
74.22346176947605
27.835536716086917
-26.488383381072442
-19.21841514777169
82.88515506882052
-10.663839724927909
-37.92602001666501
95.83349982660913
3.1866963855362145
12.561908125720056
11.827639077610925
4.228821442293406
31.204594277458302
-33.58133621280456
32.71163635873869
-35.98271190672527
19.166488862926897
1.8918906133102205
-27.4559831160589
-20.39280546509204
8.53993795407208
0.7858459054945719
90.24418998302495
-17.17092679552466
25.23564594908417
23.038806544141725
-6.169121536388628
-29.55353888804574
130.3120382043389
90.28148302017158
24.92949400083649
-17.80969158196009
23.341269038220414
-19.060681802159458
161.59001328828404
61.15635935917683
11.584347620015272
65.38322298884394
123.3086252943347
0.8714798570539357
107.67711986561558
28.778973133105676
-13.659570345069458
19.923906627345684
-20.541824281976997
27.23239616165171
43.66552719861596
-51.766508930604175
133.63225501836635
5.2736651290935495
10.753272890223023
43.404541586829694
36.23736982841484
4.944315900168318
-13.391875768380157
27.443618049110405
33.965722023590374
6.96910415186003
12.407976261065116
-43.769350482324725
20.385259999055517
-27.92984329274979
27.35867285012733
-33.53462839684907
11.467240361801373
51.38858861611651
12.532182625704023
56.594878351763015
4.72002315420361
14.056256204916034
6.849083937067894
29.026959779395117
58.950464229453075
19.166488862926897
18.518790763188576
11.150949429718406
1.6685624168029771
-5.903664536001479
6.908673762248837
10.497296919223032
18.83419851093422
197.25737809107062
1.1970276643566002
-23.27126058931479
46.871517706990105
-33.70897888134674
-9.388964388006093
-14.382119250909977
-22.197453469010274
-45.89253387422359
-0.7994695343005178
22.658530832045937
42.52394659285805
53.37853608861886
3.283559354147794
84.32633795353938
-50.93155583155112
-16.3028210613847
-3.8360646018013433
27.13528492191743
61.33703971430775
19.857843352237854
-5.365200657037818
26.132899891362733
44.26903892015457
35.02735449189102
20.850057877482637
-38.3322227378938
21.388541291368067
-2.153426454385034
7.223445372232689
-4.151248761257297
45.60834990530162
10.648225421383959
13.256602312489495
-9.484606945577212
26.868419565744144
-21.197929775418327
80.22629992165804
-25.549617179384615
-14.574661639959686
40.35557766961753
1.73983576214872
27.185794040648357
3.5643401713087606
24.538312778113085
83.88876458986697
64.4048091638969
19.002890001828206
-12.33633398321225
8.391315660185509
36.555915659670646
11.519365031870162
-3.673760809622517
-0.8981153306175393
1.6996780416049726
2.49570212931107
-10.473087910944443
-38.68053978784077
-16.120000457386457
-31.97301522712407
35.26273203766498
4.136777939024552
-18.882881028147228
40.44126225769078
16.683071072293433
-5.275460752347705
-34.24427038806367
16.359808925325964
8.350080488632543
19.166488862926897
167.22030529417214
-48.67160303269709
2.843073082400784
42.93332483218694
-27.576690095882462
22.90548517530335
8.08398948238955
-8.752447496976723
12.124305503762336
-1.1674984848658623
15.738317303638619
-6.863381963330898
-4.425188958310574
-19.816847288477828
8.935963767475656
-15.590985165481325
-28.295610877447107
126.52880730643761
144.8586464808757
-11.162995420160458
-2.11623820647936
28.703874503474538
-14.231299863391659
10.861753576945064
15.04878576079592
-18.858489091271327
-9.068528188475756
28.47626761505932
23.00623523207039
11.836210274787275
9.214391682205399
-20.176860588466532
52.24257340488725
-26.03286224899393
-15.704337986529872
-1.1674984848658623
-1.9055299421432341
143.5772651392827
10.178511394089867
1.5101440747524224
16.48129119290423
-6.314886872829639
-1.09722663543406
-35.64098329112551
18.548794585861284
3.1375598869729604
15.071032758504698
50.79709280069629
12.839389710541388
-2.7219672055489683
16.792310428850794
5.2402547025132575
0.5577737714936872
141.41802953605458
-19.438905993908868
