12.599592744281054
-101.39324758185664
128.21682579316126
201.965763937097
410.6857157437401
84.80320017669064
53.38697444772191
19.52611376988402
189.85598954966582
-198.6465510559646
236.7905738354034
10.166301359171555
66.47382546199162
196.78601784408414
-44.6578180606045
-58.10347755019724
250.83615916258321
560.7306157603535
325.54886115875934
21.23841410354051
164.50906577749458
-83.17986579898344
19.52611376988402
183.50161510738968
-89.67348863532746
175.9365004726646
499.0939596370167
-4.4239649467344435
-145.32430620143532
-122.53991507088729
510.7617039254897
862.5694944021957
832.2639942271745
969.3491551271048
62.93671403329101
527.7386160465466
-60.4707045847035
144.78492363414574
124.58226821251574
-188.0450032380367
-140.2394579155914
102.84124605053806
6.327446421111475
-110.37328057072035
256.803397322719
1.5838675583316224
101.00180557794333
214.20019576979325
-159.9781191460059
-63.15429444859619
38.23541167489752
532.7651223839352
-101.94300093541302
-152.5747102567774
-203.742584300668
184.28162163825152
-185.24418609383417
-28.62151763004269
-8.909779747790537
36.28827361300385
288.73103557324794
4.787331205406007
-40.28665200708673
5.375931978524452
130.11399536295644
-224.51410104390584
-150.17241495771998
-5.84551175688118
42.87602358578637
-187.35185135242693
30.202267125308197
239.751719366423
-85.86673032703803
157.11265275764094
19.52611376988402
-124.88727724993488
-373.8269502684697
-19.628458885399603
-89.48944553734883
-40.96949756587277
19.52611376988402
-181.32604955114323
-189.67377442807526
137.48220304128415
176.00953345175765
125.70600888906966
41.523052454803164
701.0271687870173
-268.08176913218523
-344.06192469228034
465.024032893996
0.7226211890611864
109.82503506698588
36.02231736760305
14.932481816577422
1117.867313557586
396.7530984665971
235.06669380219768
114.36169019948575
14.51713389291325
-71.602587903838
145.74733072169602
76.44680449735483
566.5845144530874
127.34070692322206
-99.04523435332821
52.903427941555734
111.71234028938056
-173.28269005691243
-24.81876185737076
256.7771353819803
-184.39136806779123
72.49757060273264
-152.34692458015815
-170.79760671471087
55.54536372391159
128.00357606323058
264.58138137300733
79.31327980545808
472.5384592266464
-32.72170793645948
320.79212435138055
-149.7406969860075
-278.48356852164363
-126.95690998596992
32.83856035197512
846.2769338668085
200.7249876927333
60.499239444524655
-6.091844361765084
60.24123391166004
535.1537541158962
242.18784482179382
328.5584983955636
-54.31261423568584
329.73155835071003
144.83526403525843
-0.8363116781671991
-16.593469325612972
-103.84822615313983
63.230467332342585
-227.3833219199201
180.0040212338149
18.719850768343946
-115.4125988065398
2.5596203426724777
19.524840479511475
-76.39895151253788
-111.89821665087324
481.48968850074306
-88.30473773190111
-98.95766816452073
223.98117534746882
-42.959430329684885
-51.000605705545
608.5881609080224
-5.84551175688118
39.20665820449285
-166.49475656335318
3.7031902854212007
-28.230640055640066
51.170001672831745
72.64075741790437
21.597739548834802
-184.9278870858389
119.92125315118922
216.55151986943332
28.30562702927191
-137.10929242638605
636.4695674274352
-278.34218108785916
-107.19997242486828
130.58143909970033
-17.800187072521148
78.72375995953877
-159.15097077360696
82.61747338638575
404.02583079040284
522.2206453804645
168.53504116658542
3.673574189712866
6.507665331870513
384.4163388824578
292.2298153790241
-1.7264017891172685
508.16329377240453
-23.56169424207401
-64.2693136080574
310.28321667093627
44.518828691112276
484.77048831351516
-44.71884064468391
44.01993569329616
-180.1045745313997
-219.5384961189959
-128.62999114941806
84.90687520039599
166.8431462614853
-171.9988020843042
322.7065452524746
-77.4974487340529
63.86360547056208
309.11197164910146
-112.22855169711407
-186.58530569675764
22.725861117725863
-106.6619727408854
-109.13523702072835
-160.7195549575032
46.67152595892507
257.1342253608401
216.5553979035696
5.840237873068855
34.88847187930695
-143.2353111717996
265.4795354425779
-91.27965998820565
-242.01544519988664
37.79160145416883
801.802986868748
19.25881977130544
481.42455289940466
-66.30244653379263
38.8660001124421
135.7884762386119
173.80314446137584
41.789844487679815
1822.448303561929
1359.6888608877102
-244.51641519428125
138.36351234906957
-306.4109192498574
75.61346314417092
-100.93460291487754
237.95390274819113
-47.38851738074257
-5.84551175688118
225.78589497913265
230.16655055529918
-138.31874582687948
-152.34692458015815
245.6524224483598
66.475427244641
-82.60278509858756
567.662262542611
-146.71015103361594
184.28162163825152
101.5822519737769
19.027690753399483
124.74276440353957
75.70215590506974
493.3418272854956
38.28082126242944
-50.84370812184248
-120.77650031180484
-51.60973263831558
-122.53991507088729
380.32701707856023
702.550296490096
35.98320647076366
-209.46522671540788
351.8297134580185
60.05205097571772
185.1083009490181
19.52611376988402
455.37790235479025
-11.632088321162982
44.99065983622843
-20.752463861754123
801.0474608436726
174.79266483692356
203.2619754157348
338.37284197933064
35.31015991279424
187.96740601095837
58.3811143699764
248.65264170868414
47.725523409575324
-78.17350838611712
-159.02462068563415
477.6569512763037
-148.69756553865534
451.4604627095609
-207.88964889298
84.48785016396155
-71.97513325317745
-148.5175649309478
