120.0055464549742
-60.97907682071045
224.37623739319903
28.95086657130544
-49.116377203007914
118.04867465658498
-45.65999152710931
-1.6246338608768802
193.3639801557061
384.78106528967794
-94.21793778495086
127.29156804304918
8.82916045273329
49.53822419917091
111.16587605516577
-61.85499974381227
-39.24591342319347
9.455515984324162
94.42713952115963
326.86740517335454
12.530369403215822
22.051607388696503
-161.86165953497567
-22.863527688807764
57.76474054583889
261.8697469162354
-145.55806460869562
92.06967836788306
-46.101112191972646
-2.8580113755935432
-9.8381039214863
319.54235649159625
84.70062810930159
-26.676710598709906
321.3137040773538
78.97852895080308
-34.316772728733184
-0.8266591437750961
303.1632269927759
-24.477744223587433
129.82085362722057
15.99057645780158
37.94159296987948
30.295046976331854
-132.64415341095858
179.4149437626226
88.20512733100065
53.7527394368324
61.71316838156778
138.71610750476654
186.17766842485918
50.56557116767979
29.462120507128063
91.7131776528724
47.365586898574634
148.69918288976456
-18.257711787720886
3.8352601894094356
-38.66672422605407
-42.22927867978999
-39.069264486775836
-12.301516336348506
-25.429437504916493
122.50871863895529
4.605571178232822
334.6147665461069
220.12707448369352
135.3511386040389
-8.877955879904363
106.99816657559307
540.4742325507615
-35.14478440783505
308.69419974361324
16.172685698660175
-19.614155554929788
-62.585900017880036
-67.20996628290185
125.50399855019083
177.04263594255673
132.672834414351
92.35758839249738
82.7489068957635
56.05065870034056
161.95755316383273
91.49652365462752
51.615028790057835
264.5619376855732
-69.2759147467698
217.54626021915306
20.54977487758253
220.10846895416
283.9578903880231
20.650316535612376
-2.6830712512146047
71.18945062035246
-7.921734078200604
343.5161950741956
-0.031783704683288505
95.1203790864197
-102.63980551174546
2.018159350662863
144.65495513216436
-7.563432977947418
-48.73526433143699
58.35730814136048
-10.478263247433109
59.1171081421417
277.8331332758238
-91.36858912469089
127.59460656831561
90.28929932458274
110.87363422389319
129.66812694258903
-43.896746142285394
-53.444698342669945
-7.537971691740189
191.402180800862
-33.0519401698258
22.785691096204474
67.15558740603612
166.8576488550875
151.4738290409175
-33.073944883205954
12.93015921560496
22.785691096204474
79.03421723491468
-52.62010975551312
157.68912084529316
-2.0036574060825387
84.70111469135804
-137.8539635032444
-49.34316532500429
33.89216533737442
14.688067058258934
76.33150003769092
31.317828064241986
33.08361281057886
10.286655550451368
94.04551038959914
302.8799478410332
109.54616680989412
36.40830540227689
112.05177763108193
-112.09220012492196
43.05505490975144
109.51560758236003
-54.00801883117173
-86.05103281128244
-9.930784085077406
15.406305893024694
-36.07769705699662
-73.48259611324637
29.991479066462873
-69.00694191085068
160.9925585857367
419.87106482057993
44.045420476386845
294.53845414170837
134.66791752200825
332.9280425371702
-92.05877246694183
-21.93574929101233
102.55190121352423
153.45581891952065
60.38419702582537
186.21826667960374
9.165020612448004
10.482253181641536
83.28747293334577
132.9358199169264
120.94014242337718
22.56467177358001
172.0591551152913
-80.96373701663599
-86.80595480889552
16.18646253751404
70.92466715728234
32.07661366674761
242.17901643816023
-106.02640679008101
20.63920442334576
209.8116585548494
63.086425306679104
16.720667839318914
-71.1509718445608
250.81586139918878
345.75108345986393
359.1509622026939
15.211734362193084
-87.01023741435478
-99.58336362638376
85.72658292047194
110.65252011687157
-41.339757129188826
344.0334291617106
73.9249693939796
231.32471738457406
5.217757627884829
5.719358481421409
41.89083710107912
56.01852012673913
70.44640863261169
50.376958408974176
-133.38068751751118
-38.58595387777119
-1.4609927095853745
125.87396379446534
36.52386279238962
54.19946396351024
-55.10323302791332
184.9118861642635
-55.36778507828805
40.73700830499686
-37.08628888149947
-34.43520847829684
241.89717876266232
28.902666150379666
-103.58080432628873
-37.212502822304636
282.34433321346273
414.75128705041766
-51.716397748081356
-36.25991760606557
-121.79241881146349
242.90608870965386
172.50339677519864
68.00363915642701
6.886254314805559
91.21037844168406
352.3997711277283
216.0708706931658
330.92859673157864
188.75019844175503
55.644218198978706
25.46089651098692
142.22216182573987
-56.509349492541205
88.39344729241537
-77.45021591898646
111.46981506767366
-44.351476515106995
270.4131425515178
257.05502803508466
-33.3670268471905
-69.31643125794429
342.1838899235157
197.79170916223072
69.12312765627445
-50.60559886978257
47.78816686856736
71.22516326955852
112.84064591332836
-20.445148104265854
-36.891754688089094
-147.6083200275986
-90.76489490728544
-312.08803817655166
-59.80440099504011
71.83081979356902
-113.17708190949152
94.39415319750536
162.6017067135369
-72.20782404904843
65.41405875545561
59.59550253091645
-89.25670679528761
-191.32853800522938
-120.22732672915592
11.861446585707935
169.36115415731268
84.60958039093522
-37.98901707487155
439.22266695906444
186.17101636056432
113.18568740396441
134.4525516423378
-73.50007926572327
811.3952722174821
-96.10361008922678
55.384241263100606
145.23620705218121
370.43216103650536
241.5091709032993
50.84058697444193
-14.338345565821747
259.41627103684186
85.35705279295975
8.67122375303692
463.03088485829016
101.85527616473755
-95.97446115100777
-102.13379449145486
83.1451943360305
425.9048936823468
7.528601798845383
56.385472179000956
13.39934939581714
169.55149793194894
86.24216008405708
196.45672486976815
77.16069408516229
38.33849485821865
119.85074740265964
175.44942577572044
197.05267968239178
65.70394006368763
-111.0865832967823
207.27551557901384
76.38950855764001
117.59597342292525
72.4470970829444
208.91829111248242
113.76060504052694
31.248915038008022
5.012474473628352
84.24955955589073
136.47267294699827
-24.464347613425634
637.152512243174
-3.7688632786537646
63.863063128945356
110.28629100652412
46.24093315118273
1151.5513951007947
171.84582529293627
67.77294361385496
31.747516844994053
-35.84791965255284
216.2491142474448
110.77012622583483
-36.70849263166262
69.49826058707642
-19.755461849839065
33.19471187870452
-85.2039339118851
611.0021303434011
252.3061484999802
-12.921721940160054
157.24027847518798
118.15504995647106
59.27553976783858
58.226782640433925
32.99741821419927
93.27608883560157
26.901833096556913
207.33494127052768
95.25401116398311
161.83811861265102
27.062787330661237
-17.032579736511497
-78.84315423069236
-132.4420938707689
87.20037928199505
-24.935641534193717
44.948303338265944
47.642271349240104
13.392517555336603
-136.94243182679347
57.58235296313107
132.78911864161077
139.4003127872381
13.392517555336603
16.38244517327159
-97.34993052068087
138.36002681057457
-93.28730415861082
11.550113328315263
56.58992601505713
56.70138889526763
-120.50024856663839
33.40296981591939
-69.21568010815915
-5.20306521716072
251.99626102956475
1826.8957257515297
-44.048497195680625
-25.237496519626816
59.397671719811896
39.17148237164184
16.175571919643126
72.38288231484371
42.772359927996376
-148.1024490623268
136.29472559894234
199.51761722521562
49.363868402144846
231.34473365844752
147.06129494748592
42.43138808920301
101.9241286934377
171.98856802098155
60.076142443379226
-59.77654380462662
167.87237729408398
48.80642141770335
84.3490504316913
-44.42573621214372
227.32626475637127
181.16482131792185
78.76812160669283
159.9838043633209
179.81510546648784
-29.78399047949115
28.715803219577722
-155.64670888395568
-59.66284459598759
298.8454175659758
16.90564557460965
180.68671662010436
220.8097133562208
68.55243376676421
222.31587359588616
85.82604456188156
-255.25908822625277
217.27566685276778
27.203789653914583
-45.29210589946249
3.170740525564028
-22.07481415696082
158.09303068776688
19.34875205180385
54.1879440910629
-68.7149009554737
85.62093281613366
30.70014551709187
45.833775662957464
9.343446420443989
-110.33884774844812
353.63763847799316
76.78065337579707
84.56309097919244
621.013608967617
66.48576028244578
223.0848913795039
-22.481571167590324
-26.972173278556603
250.89861046036995
-1.7924545022898144
-19.506039875991533
-7.065839861657398
-2.425026572943924
16.632009263565855
60.46764141750489
-16.996352645620036
-25.84644540316701
70.68969760326515
153.839439469839
230.89557924403013
176.2122501289697
394.8853702086285
-32.60828300645565
1133.2609003301689
-9.409316432800445
134.0540272499043
144.55279003854795
109.50016450544514
-58.23159975017417
-64.30696372151064
-107.2495450089394
4.280821120596482
51.98875679610629
-1.9567137236050733
302.2795395135772
-84.59376032845034
46.06053334234368
-68.99987377821608
-48.942984077048465
-17.139189808688315
-27.142060262756733
137.7399981574946
-11.365446815877647
72.17072781031563
163.27826994740388
129.7691385908711
-57.169134417514655
222.9557732194236
1.8095948636076251
8.011319537296941
754.6861389269266
5.7062262227866185
108.35323055961237
-30.6633508677294
246.3601749594528
95.04813375852613
585.4149669252905
153.9241878951459
-14.02799089423516
-20.304898792386652
3.006699871375318
115.75647023142926
112.02852751183272
54.74515169859828
-84.1749676669434
-40.5077758812148
100.3138638263535
-4.042911222425488
263.28837385477425
-120.48961124816256
78.14962665074634
-81.79823933384066
17.825740168538324
230.32602120295192
-1.2448076606265204
116.42612147079458
109.48565210478876
91.57803849537876
226.62981916951216
-16.89896134335622
10.927684284133775
-17.455209192492674
138.2651082755746
128.03860145282962
130.52890837047931
-65.54259972151675
70.38757193841742
206.6963069829529
54.11120490378852
37.65962888212904
95.83242772070395
-13.228129256836397
-16.933899449528884
180.72875443468862
160.83673851025813
-206.25915532460454
10.923775396777444
8.750765573571602
-38.6661388142043
-6.3658611801294605
113.89943939961296
143.38105365516842
-24.664551228960747
-17.83650138738431
253.950892547863
-7.6374350305659675
253.67119577663178
-21.798452139376135
83.87800928925088
72.42680338911154
-43.355894011516895
54.0277885290225
53.80443612742803
-19.127084443470864
-39.19842157044023
-23.631114154011613
72.27079659799472
236.3442250853076
194.4449481724505
202.70070701815882
-14.42899970831018
178.84637576798013
486.75056191344856
-19.68715399833787
44.5380206487374
231.27059261116602
-63.13076225678114
21.836903048008907
-1.949777041153986
-36.919816784405555
113.9750095044335
169.91397476692669
333.9884319416724
187.8243221286282
113.85439941775812
305.4616815831828
-127.26343188787362
50.096907888701
100.08885788656048
-80.62117107720518
39.44521562304504
14.646614937112304
-2.823584538151655
226.59904151292176
91.20171053218665
287.42378968908827
-5.836842776417058
346.1142023957142
-64.43133392439279
-24.935641534193717
-8.578413460786612
678.770488103807
59.58803405963624
107.63692497024806
-92.10254608295075
-56.11110368060075
-55.96720903431938
-117.59606568610789
108.49973676697337
-8.02482229411514
-11.940531935752169
98.86319355144715
-71.69814820047435
2.20455212000266
138.5940189568004
59.22562010387013
-61.008435659121346
-75.30951545350712
1036.1457939070447
29.75682694533468
-0.01426535644738891
57.28503155477303
-64.42526824962599
95.27695256605321
76.10932062670379
82.03537269991926
37.52833603798511
231.3987428390536
-56.35103400475675
-241.387618776907
46.26228632864077
365.64841480451287
-86.39926181864665
59.93136278142639
-15.163155431207809
5.627750329440762
-78.28628092136447
64.64847488216587
194.13590587424395
45.29997683981246
160.74309927184217
52.97926813593625
378.98532869410553
97.06302811970926
-2.638590633779838
129.97240339874085
41.56850308335686
51.79705665517935
-0.5326506988432804
82.98298831043707
25.21771006550277
-19.540670073378138
168.56582167930426
-60.948267198931454
14.882721183507385
-44.845834880111155
-30.701046234144748
83.012901501593
86.44543314193803
43.03687379300331
-54.679896334615506
157.74245016677577
35.45491206304833
9.362077599951192
217.36815554501354
136.65775245026325
40.30154278106821
142.88007901087153
136.36202257026196
52.979072910796305
38.80750669331857
69.05008707461542
205.9277429287467
-72.0555334869469
34.0061856741485
42.5956034062181
18.257319316964193
14.287486986589645
13.515672637667528
-64.172351044724
4.235288108152389
42.71189463432616
-89.40442388198099
-10.526636707814514
398.16466458006244
88.65486090764144
10.163605134896585
72.98824853815978
-242.76243191819702
27.224056833851037
323.22565089697434
-6.072998999949661
-54.99752058132174
256.35610971673293
-10.910064600983594
290.55176612633045
24.186585456703682
249.67897272872946
992.3461396752135
5.51502516684198
254.26107717467355
-35.66671589722425
204.87653340860362
224.82827278621184
101.55459405461947
93.76147599403986
288.93622464926614
401.07930191961043
102.09131265624642
83.2119581527656
77.76349732565147
327.75387917377634
1093.1174228484927
-27.189171955585657
-75.47596802785776
-78.28101160697398
-56.865888677558296
-53.42395522685011
44.46432331425188
-39.673760717911925
79.38311628453357
74.65121281547977
140.3392017647301
124.0998984487276
17.379070408869396
43.771576675496014
-26.48318469636338
69.24477775639092
-66.25897686827963
8.148298660520847
41.0867037240379
-6.672978575574849
75.12702320358127
-137.60476646750055
-14.976930064483355
30.859051734669258
-72.52050218967447
-57.69419321716825
-43.53643818824112
164.16354177251193
52.143759002025675
31.742304239632084
175.65860592992325
53.04708455498297
213.00018373930033
-52.47774359084928
382.28150348502595
-23.832680796889374
-41.13816716946989
-57.34688117580001
20.53067876924284
85.54464301767705
-64.22083381128527
47.428323010502226
223.5894434293247
-192.27446276433585
116.3483668958408
-106.60425163561746
-36.6056722853841
147.37124440130006
64.18606289787319
7.625349400016589
5.324826841034856
51.71744343200366
68.23034646822936
372.91731283610886
-90.54742007439627
-127.26343188787362
-58.89933456108788
-10.08797681838985
-110.27503844953819
-40.847549668916756
338.995050332907
239.272087855524
-2.1908790730482117
11.83618834482538
28.51530566532356
-11.728810008328665
-25.6338805274306
-43.322970578133365
551.683184036044
-33.3670268471905
418.7565747271907
118.36142275425769
518.0262510458956
511.0956362087844
-94.3109829272979
-4.4168950787201275
82.16336125763692
101.00684470318691
299.4347816868659
159.074827501315
8.134210955875428
-25.579671348550587
-94.3109829272979
511.0956362087844
-89.53250002649702
189.88803750097804
496.65873065276503
80.05004669870675
133.0376940185617
-15.875261278892921
80.2469729493343
-15.053921975578568
-97.16426520975125
-235.79266890578137
-48.087017879343314
-190.93496601305083
-22.590522524902372
5.786002348167479
-153.32170206354672
157.6699193490071
96.27936097104767
1146.5516386288218
-79.96044363829776
-93.3795806094044
49.94798528890979
443.70871246898037
73.46945836074319
168.99944575851612
36.955030753023244
304.33064016984895
211.56753399591028
-83.7099038423683
-67.02387882113263
87.1188147678723
-98.03947967414429
-43.084251780527815
23.267357174521692
-15.50115513604917
9.846454571925584
225.17387961276265
362.78879824413673
-47.190323705873176
95.88215392646853
38.68360313879015
50.40063535604179
-125.57838063845406
-156.02694863895624
-105.83949671179836
-60.27260012515957
6.488020938616884
-14.371993350961457
96.26145140696318
-121.45919634559539
-42.69282045665609
131.9276147177183
346.7646492641953
10.968142527834072
81.22045705801062
393.6915430741192
112.19505464840412
-26.556040102749947
-13.13425813747572
-30.205845854192724
-24.335468262705746
18.0217552240778
253.53964990914793
-14.880562597165335
-40.764905953074326
53.27566606893319
1034.0923901638184
1240.3874576552698
84.3274129408906
394.14223550463464
107.59592228607468
123.83742183417255
26.7652799269921
105.56834174096498
479.4506759447768
30.089973312878428
397.4707104471181
-119.19832102206023
91.80204222146192
-161.06834447202314
-161.08229051034442
-117.46863668691793
113.77300220753864
360.33441478178236
219.6946787769717
44.044497966416316
-34.702475270083106
714.2406088308622
-67.08420558082136
60.03474208236503
76.91219821780977
-28.69835921334023
40.65229005268673
-81.65719635469796
-16.257299321802503
91.16172643282778
315.8705394072591
-58.80354725440633
75.05275061475515
-49.13983759758954
-1.4042910175936498
201.22777536503747
57.85481952659961
14.236941099947273
71.61450812369648
32.93076881268806
923.0313569664561
-1.2488506307567029
-35.45674430084295
595.4116462729054
357.4519134624817
26.298630873476775
-49.72321623744634
106.44789013765309
202.42039101658938
-6.589561142840829
1129.5921992611131
89.71990329302659
313.17958470778865
3.0457660470857064
-38.66672422605407
-18.154062796430054
5.6521771958984175
599.5088866255173
303.98289987645524
120.05545721073798
367.7283043765434
165.90039949466444
843.9916874643268
-15.13026962508744
87.83179457414818
112.84983667151718
-37.708439510513784
120.89169443460426
-158.71864267432613
161.17968490807291
67.5003562963219
331.52249302315045
123.33133297150957
-13.354029844958967
137.91384243379184
7.289715060644301
100.9932140248489
277.8611393530946
262.8691884722275
98.82170824971296
55.43609637626439
-1.3148250392094525
141.7220333424073
-51.33070395022926
25.760258934252334
-66.8930281700957
-82.01216911442455
401.646658504314
44.26390324298147
413.8126249943879
16.031347115696107
539.0014372912786
-145.89348720617014
-126.55174450377993
-35.21260603734049
225.75694362249345
150.4318829796155
14.287191005854744
-8.214761749481426
57.328015124239485
54.25730252882636
90.49472978076284
10.43923622375165
1521.1371793237104
13.0675296237698
-129.41962481259165
-117.954886716582
711.6393393401888
-24.18299789662949
753.0466371029447
533.3461578219957
-5.208890652587286
-4.545580210007181
557.4099290099542
-13.814700996685652
193.29939823019257
948.0779648174487
-115.59783152222866
-77.75723243981867
-60.08678501484532
178.24447869955065
-80.48046925697233
-19.72024126279173
-79.50813213641877
-147.4706903468552
175.42978356779017
674.492540506964
373.1937987523745
-48.80210635815466
1.3173893890335115
131.0485870002284
-63.81964333683267
108.44126341586588
222.51936195007582
84.41625050012819
-37.17283323520372
299.18688971927634
68.01030340196226
141.61845073190665
-41.51394436068157
305.9885199738154
-31.755063388682885
-98.16557827062935
12.145051610720635
-1.8591101833438444
-68.74029962399734
233.67470632274066
-11.902301637842527
243.5563986072119
82.79404929223273
109.1266883048943
-44.011101426744766
46.52766620798969
181.96402114280465
59.05987870049134
-67.87785531369185
150.64272505156825
332.72360791487847
76.91889845929062
-17.05900098534243
33.44609072600272
204.12716924303407
123.66957906565011
-20.982289565708296
-63.173346676935886
-136.332667107306
111.66033284315856
2023.493353043792
380.43002017501055
512.3753476532654
229.9766689781871
1109.5803937062008
-80.31720480694764
-51.99494978224541
57.768444945885165
678.839275148991
133.9401939989542
-66.9077046021326
10.713300338775586
267.24862197219966
119.18011528618658
277.86937856654276
360.2785163350503
2.281226277021517
42.20415053936569
3.137679125314836
137.41193276972368
1.5559989965378591
58.29576661880452
167.9916220362017
866.354823973585
-58.54887160161732
129.39039121391292
223.97081667490232
73.33972351528824
-87.70218064929485
37.427345757075784
362.37452769217975
106.66229142780983
-66.31115627264376
285.46920873750855
139.7286786323016
-33.233220454689246
184.17250017267543
149.23898355292667
26.03446691075134
92.7614279565797
-80.03407314194962
-48.57919296151595
243.8077476753747
160.8279893106395
30.726248841214307
2351.2404518572125
20.328654899099305
258.324335959369
-97.34993052068087
-7.26321765904563
-118.76578007776702
207.44387692400917
160.71783702487588
144.0813949729376
125.54774681614731
-122.70842957069442
167.0957289565343
7.273155289637831
112.31193307921754
283.76374585203473
15.471561172235681
-1.2643464255954413
-80.81709965949588
84.31986937988901
80.01070228218626
43.464169741008575
84.233387102981
88.0145562008018
196.86538900550812
23.499665257608427
63.22390671764728
-60.33703678191412
21.996507030455163
495.568277474252
201.32812861358772
513.9966217114796
55.27046249976331
182.95169007692348
334.73050234151685
185.58057810636092
-66.88876363372859
193.30553537845572
56.722190123179814
-100.04338675234087
11.521402833215483
293.8863708650821
0.2799134925977107
278.76855984889403
-37.16300477640867
-39.84023254951226
-51.440640384408375
54.78599275402398
-122.6025396646259
-5.263106336518437
160.36067403436516
246.08501145384886
178.0024321991783
-19.89100241473951
-79.64016868325317
-3.9983076027304385
1337.446575266534
-67.67229636286802
134.1557451462696
56.37966642273476
145.15233439936142
77.60824399496235
-22.420988161145665
-17.944426577907187
37.83613015268476
-22.80097899097688
252.93345690495815
59.51561349413541
208.3030448916018
-80.78085133766433
-0.5443808912851793
486.07335774624903
-111.1442970231696
39.57723208085778
8.102381696096213
152.7251409385466
-51.59181143764567
-60.670157368014
19.71761105987568
123.75216346121093
55.931899278646114
-36.969314644968236
137.1781036136628
268.08508485424886
290.55833209910406
712.8837773810685
96.93817028153165
35.25716195131328
97.02197710864363
220.26984572846195
169.26118957118408
197.5455134226794
-96.09804991505335
358.62499102436504
-0.32569423677550446
-26.150201287536554
42.73249599062022
220.26984572846195
199.61292387871424
267.8892174519709
-149.6379868107519
-44.04763460193841
297.0702679292382
62.30997007184423
105.44511462936936
-16.716442316993362
509.02970275304835
230.25874590934657
273.3976294189258
53.96642063881458
-71.86589269969137
21.297902822654187
15.926107537958444
55.818017116212644
-50.36069427175721
103.30863356440251
32.64256890110932
-75.37800309936621
130.61497804025217
227.5716796676574
-44.46311754428242
89.21217156516737
42.56581888703333
-27.29107254948006
-105.06321487779846
66.09346138228503
397.4216157930092
165.25469206574033
83.55334397675482
152.33475910323745
688.6313777104322
-52.09540541709558
-73.57458154205042
141.25712852636744
12.85427898195707
5.85077210379287
670.8777552878681
528.2872884133478
114.99952799096732
1047.687928737002
-65.09104197158516
36.298866921004105
200.4149870777845
-68.74902502097376
168.2903231732048
114.96219687850206
94.95221821083342
23.50379867504452
89.9156784979046
364.3371695272534
182.407766606102
146.34539541505362
-21.202060680742377
250.31907222944344
-104.7189325752349
51.25198011936382
1345.05275076522
5.447833031706807
0.8132522170073528
413.23377154027446
-37.916528920721426
-18.877467944519303
7.8118968925462084
153.23838390628904
72.90306099214654
7.2172027234217815
-48.71541127358658
-35.184427687503145
16.38244517327159
249.61029481940554
222.53530593886796
-14.617746276328681
139.20598901350627
201.6822646260429
-89.55405422829125
-68.86176278406978
5.5145274986423765
25.344831509338555
-28.1421821920514
109.99014452906914
-66.44918647324435
47.43651161133286
-21.21147580821829
230.19725057816854
-71.10864180547483
-163.30259747633312
503.3397894470287
-89.77007634226318
184.84566785981673
156.51390273711738
48.44691259686445
11.818216028800297
4.8240683922606635
75.33563052332504
12.524114876615023
-10.672090913576966
-15.071419393753196
88.21679774812064
114.41029992689627
236.08341589878242
-36.16135249584876
-36.26224948199233
455.72508155668856
-19.722737208203192
298.5012790380267
185.780415430713
418.4693717184424
9.231153316988607
501.5002168003391
225.9991987953914
199.20447307121776
22.52907518663423
-46.37758513142663
20.977888912819495
67.73766251888668
-48.37678302134411
-90.11378207543856
8.652134507283122
393.84132851167533
13.483781891171692
20.4742301932339
45.89571807465133
-11.78504808830704
29.165131535870103
-36.188372550840384
13.483781891171692
-68.54020173726515
-68.34013955445707
7.295258899257426
-39.27192707347861
131.66812002271703
-9.195709281659639
104.58491141258425
-91.55245604224037
-39.607600587285965
-132.4032270180564
514.6434600602805
599.5866177077193
-98.4065748211647
31.867190753040006
94.78507251622298
-129.07875228705785
86.9118401188187
13.483781891171692
-142.5876737161036
-3.7472013906564143
84.15654084078636
66.41347206320557
22.42030132020001
-96.2580964704145
-0.3811353375150759
-51.560071855248296
2.602426393524528
133.75463905592287
38.69792640319842
475.70500699362844
223.56572738771223
144.81810916342266
87.3528297374681
79.19061397488994
5.864385878752703
73.04619807254824
253.9987942907472
35.668830650291525
27.066480660152784
189.572246901552
45.9844757117085
54.75258849427898
41.68286007909957
191.06426191557344
-30.236152342850154
67.61342278921444
21.13510969274199
427.6121670142137
68.31197836132992
308.5459431545611
169.18826996829594
7.701451043848355
132.22533270793534
-70.50561378340987
99.55985643552731
43.45789728254502
155.2955413794487
-82.74624208651167
-17.05900098534243
239.78796170401418
444.840912526064
-23.414393777895253
-2.818683142339566
19.597090632008552
537.9044791983981
334.63308956005153
-39.46439629145897
762.9228521068413
596.6626375457745
64.56908282439774
60.23350641417946
66.0694470010288
57.4817030436589
495.32043408908817
-0.9785084333818119
244.97943346227592
399.48202335998906
-54.5415695600221
11.134924911811247
55.82940464583524
72.82448008552205
-66.34427503798376
-0.344460351826978
275.5942810109393
47.23995504976088
23.742307255873932
15.490994769534979
89.92691303339194
34.81124839307139
10.058676150487447
224.6119803719975
24.057191136983754
9.231943752155942
21.47745510845281
93.42264055063663
1.8157394666555895
68.62620314018052
274.9832580066384
584.5489971678645
-68.6652938882851
-20.844420884509468
7.594443003556435
25.09791252468159
140.64166202966888
-55.92812410451995
23.992198565164657
-29.2888672664412
32.72848198709201
-79.89108075594126
125.04634663764898
657.6951236750615
85.91474025872367
-65.19861362030527
-56.42375253796024
62.87524580182746
-15.484503525448567
129.2224316807756
-4.90590834822838
359.9525309020943
52.24490743764805
-531.8536215038032
443.30831363058644
-55.41037235117354
147.09084551623036
43.41575347445122
-9.428117446930088
91.98593653385262
97.68413897599174
-37.29924015466756
-8.799615619763516
-30.796020708108358
-85.18357499949897
18.385486833316797
152.12787599344378
148.54871644101436
162.10242194421832
-34.92618767501242
41.460630240727255
14.713292010387448
-11.92047821949938
26.100893145171014
36.35992646641543
164.73487122131277
165.38627186643507
-41.46279585822303
8.456391739289895
890.2418796697139
49.1484032060748
48.02058650580213
-10.937226062928541
27.579044185466557
332.39002225782224
-0.8542477889199276
336.1961909511308
2.8360918830684128
44.812399999025715
65.13415307253808
142.92942978172093
-37.09722998861132
209.05489677675743
41.73457824805783
-1.698355858354816
58.20029201389997
-68.77844928986086
85.31269494072396
198.34623857763202
157.56719550589932
-127.03678260834414
-2.1715409437792417
-46.472223721753004
205.62454071520725
-2.8000324423129683
68.16885683270034
3.355171392481946
-23.29479617318039
-30.95236731640757
153.3978900097613
90.87963230439564
14.711220949349759
14.145049245615134
77.17605211478366
347.2641453249853
84.40511661286902
210.1036145201486
65.74525084210899
56.61582862576441
78.6714610673875
205.73430408193138
203.8721444254184
-103.60978161385657
38.334663715895545
74.39649932196178
-23.203434268782107
26.88200180840183
-63.35968844952922
322.5560881587227
18.57080192435412
-11.96553237069869
33.870645109343734
189.69328270983613
106.63895659257004
209.59594604216775
38.050242745662054
3.813036664335648
-33.45641709248105
40.5611129008272
45.227825701642566
452.2247090436347
192.53540221540945
15.858196222719812
215.82101089447397
70.19008152051525
208.72714759251636
-38.927409060646
-25.656546691119452
0.828232905837087
177.501767841864
-1.5311568090827254
-7.247544572394922
120.85271665231738
-29.795077114346544
-2.1307875469561743
-63.55088112166353
209.59594604216775
87.8452208568659
-70.73998584738743
-63.20467135583277
40.93575168080958
-64.77321148848574
13.59486694254808
121.38445807332076
335.19332948858516
262.96486749639905
266.8438226459807
39.95772997650982
103.19158286234607
-36.05574831735483
69.79488129231348
-23.849619347666955
2.118388239597664
-19.022942292733184
265.37151854819695
-11.572551238537386
770.9263964551038
-39.42229636067695
-9.794942222000444
-10.688845418137817
-158.45741168245044
151.63866018361207
-52.59420780452341
-11.470750647444856
31.614889796114753
77.85258883462018
66.30957484113057
-95.05387233316742
1487.6084734606288
61.80345657021715
-17.89340797580554
888.4375116295041
78.00229010853832
-78.31139695935113
210.36036963003596
-102.63725037247484
83.79949962644497
-1.5685156610169066
128.78959694500156
199.81897784761256
119.90757771383323
1.2306353936132162
105.47750057933976
38.790007349601694
94.3238661935384
-164.70566065831102
272.428206779107
-24.73017339191224
-60.51106599071436
192.29665992313767
-90.92652583992322
-1.6619020289204975
240.56052271435502
188.20391715411657
74.1067092476731
65.04175954736365
62.596405424371625
-22.952773347897114
-164.0557445863328
115.91538438000887
-1.7001585656219262
-39.02058911310104
173.33971219182456
359.6440210556683
-61.99485199898649
52.81088858228526
-147.87841215062525
-65.77421873883263
28.617179376953473
-14.049667581930166
-24.185829311184797
-93.66133724821756
-7.831974609853763
76.28453761854244
165.08353859145276
-44.562011213886585
46.06393737905414
-89.16886328108112
133.13670081226107
-22.32964628517059
126.3658442540698
-67.02343023468526
-53.32241001090305
110.541233377885
303.0716134669319
551.7171929354962
68.69482372730064
-30.79474175996684
394.0644768211215
88.60414740041054
105.77248254781189
78.51603847705914
19.27613431183299
-160.73020905957802
28.21498693165897
123.54108339224146
-56.75401193880246
-78.1353485139656
530.7852776890538
23.052266882562286
-53.80719239655352
91.03905042887976
-14.719813316299092
810.5862524056561
-65.59832044891483
725.3263577864617
-66.90800077968096
-64.17530200758894
104.98625826546267
170.19544389178
243.85235646120688
65.5215024382617
-63.38984363745492
-4.921261135333268
59.65244092817673
-7.705565785168044
-10.36007546951614
-23.581293196692748
1471.2751955025333
-109.84709007291352
86.85403693557758
-89.16886328108112
17.111578201841922
-0.7669098393351774
-73.4107253420593
105.0782618326653
-42.11967019711993
66.48576028244578
15.77163110656985
-5.9972208089527825
-34.23940455945133
146.57161482182457
504.56668803731657
-32.071122898760386
-32.77255332973105
126.40683526593801
-23.382167009234966
-148.27681846259978
-58.1421417612916
-59.48585038048465
113.14222519850688
444.45426908183447
355.3056485870976
-144.07983930520749
167.24749986648268
-83.67279472677157
264.0436932008362
20.002982018120754
344.74658500262296
144.46562027343276
372.78162523728906
434.904158124863
84.56801720610498
-10.878918419098458
169.9744309092067
344.5457956346618
-25.546857849937652
184.96902472429204
-125.22698984528515
-33.541230599418995
160.94578854580251
55.05408138025169
275.7241238849399
33.86916691753059
-13.03234808557822
79.14917986483172
24.77669232711549
-13.740412311061505
-107.66012540707935
91.66150056765719
563.343240541112
33.78124171328649
-109.34657758944618
-10.165703820735416
106.26675563404496
-25.237496519626816
-58.37338344063211
-44.29285339965436
-129.1086639620593
600.865166573018
-2.0650006514246897
102.10595586067974
207.12325942032783
-65.25408234394183
190.4222702290839
114.70779033415903
-14.276030412910636
-20.895853163005558
61.764809152201195
78.6394153445285
-90.61748574168098
562.4658351801402
-10.375556219174932
15.691984210310387
-60.104046008483586
-63.69300817214827
83.68562319948074
-11.316427470410568
136.68985989011483
154.0599414956107
-36.13364280793669
-17.59161715021638
32.10076131231073
-151.86332627370874
97.45472446117459
5.426520950757883
73.79414409588269
-64.47859895419414
-42.7998697928751
-27.350367751045113
7.906112207613035
134.82665426707865
69.54278911831683
-56.543814901582074
-7.761011620919504
