35.342383513576536
39.846508843049946
119.18422453216289
578.8129725036814
89.57730150680423
83.43313741821065
115.19664483613725
40.63109049187917
93.4069412675567
306.35062584710056
20.948955147948496
76.90346502526288
23.81447462292366
103.9830262214565
46.77879348521108
115.19664483613725
301.58828419353483
385.62698186300094
102.47496098760152
97.58698385648063
0.7495579806926429
38.59581649918705
147.62305631265292
115.19664483613725
42.3720855425081
157.46243176265813
150.82862590372707
1244.5959858762012
194.40726181037147
-5.796403233902097
186.45002728203715
115.19664483613725
115.19664483613725
110.84646329646952
36.982007203031706
-19.25031439071526
453.1242859474953
328.3913037638375
-11.712639977908012
107.79349727153233
-74.31420152132873
534.6292415665357
258.298051937111
59.42783971866078
19.57133811070257
-11.604183017147136
76.28149520930351
256.08744777038413
22.21753792944166
-26.4417086973949
37.22371757926972
68.45414103791853
-15.421587041108083
68.15393996386248
49.842969199982484
22.264707144176924
21.811839221317754
82.8021202325943
115.19664483613725
92.17542964365506
176.63450749737552
116.62436841912107
436.08549797956204
40.577784110949686
2.4484212315668117
31.43442473106331
31.43442473106331
275.6355267920525
119.18422453216289
165.2515053148357
189.57935408500407
119.18422453216289
875.4605181956761
119.18422453216289
111.27560384515624
0.9429594346848802
806.1675355364127
42.26783656071299
-155.17853203231755
119.18422453216289
217.21355638411353
-109.72514964841497
258.5392563018189
370.31472076744814
93.4069412675567
62.958468502280695
119.18422453216289
-50.146838775535
110.10983014100302
119.18422453216289
73.00572961050094
-47.25675534954391
-122.45979615195768
47.2700106304379
165.37438108757917
395.5597000986858
103.41477863635552
113.44640897837687
115.19664483613725
33.20741724312815
163.80344681651778
11.55106155018538
393.88417093294174
106.77225564629178
45.860866098160066
119.18422453216289
288.4369247595192
70.4777040529993
238.43742263032556
115.19664483613725
49.9996386329905
60.52928708363416
59.4830174903965
7.6621793640084235
428.3144946795026
119.18422453216289
5.0308776412952625
45.743767662429214
354.6154564953892
119.18422453216289
-17.36823123565233
70.10048575186562
263.80527303838437
75.56729266012883
93.4069412675567
76.45136096766143
0.3976037237739831
-1.8489459566311979
45.96981007173255
119.18422453216289
74.7097551029804
156.3046132805533
115.19664483613725
115.19664483613725
509.67796186310676
93.4069412675567
109.49172507283872
44.067131843457226
-10.888309757315497
446.23345957438966
119.18422453216289
33.51134488739536
-55.288516805237066
40.9547925073051
13.502896064859769
455.72177230399353
98.16049650736161
-65.61227833127757
-170.72760802902684
455.72177230399353
115.19664483613725
-33.76524849643653
161.38337824552926
51.79887245510666
105.02137985024129
115.19664483613725
189.4861980239679
11.175350812621275
114.59495375987207
82.8021202325943
291.8972372887192
-44.03862856698606
-5.938015570620223
156.82175075993456
311.47854614363314
28.253397787664056
67.77078691710149
119.18422453216289
-47.19321954214567
84.2207458287956
-132.9542231318272
21.6225983221223
230.74569875365975
-59.75999338588997
843.6752296379282
93.4069412675567
-128.58257262298395
99.78631087628645
234.4465062207857
311.99898618895884
79.93512438342066
107.2597502875136
199.99565461364315
36.34817813379148
-78.19145326402835
99.35128548044895
119.18422453216289
202.99627222827866
-7.696391561692195
102.80517521463355
-27.230276269115336
98.15162979231005
418.92791584954506
323.1583269738776
271.03868071016257
15.293582133292333
93.4069412675567
93.4069412675567
119.18422453216289
90.36759783649215
-28.137050026928904
224.90784655548953
115.19664483613725
115.19664483613725
724.3810541304574
60.74478090459419
108.86529660824758
5.722436258653474
-12.125186782524608
125.31349521701088
624.9450534098528
-129.0529646631396
-115.19571892908041
-91.67268946316108
-109.72514964841497
74.18542188997877
111.24374878673356
105.51012769760885
103.52521052826387
119.18422453216289
-38.838352538994556
119.18422453216289
48.03701608350671
-46.85890172327933
115.19664483613725
119.18422453216289
31.861942078930568
