163.65269113600613
-40.82854581562748
-170.91939953892012
462.61966832011655
23.079805940342716
52.75044541655397
-107.43036591327675
160.57345784504307
37.36212238913055
-298.58799157257727
-41.534682462029025
472.48657777192363
77.99511255121658
-152.1421963833772
77.49128016019162
408.2364063748075
74.49903356869498
16.217277470196358
24.653726108434768
-12.42140360735317
144.83921715343178
55.38125750646449
271.93711945985035
-20.61001152864008
-181.88598034819807
87.55847530730554
392.5229626091425
179.4525844586266
-40.404152854876344
76.01652947490061
179.4525844586266
140.114893823974
466.19942161303453
792.0554780686005
-99.91170275534344
-85.85680968327685
43.2479674790784
238.4456652547656
140.3042234424772
-143.2476244640958
461.1521696808005
-131.92464394096964
249.6126391332861
22.19111557878682
-87.8575563216746
1038.4959823224806
32.38460091125076
984.9550510601803
19.239383002228838
190.2411793072859
300.122042316752
115.77431779677768
509.03854661489294
925.6201436205051
389.3285381973512
466.9486034145371
1141.5439044424604
-2.4861430236366147
297.1293775437161
461.7399912132434
59.76466901356061
194.31277585253093
-130.23619837490497
-115.45105867763556
-183.34449859818153
74.49903356869498
129.21859782317418
48.51602617163796
370.26999715248957
864.6831329463237
417.9263196714376
297.9826907996787
657.7731855873005
-222.61380616734584
172.9421420507132
304.45122272891933
-372.7753457645351
174.21350073360145
14.018683412593816
-15.046046001768758
1236.364165913905
77.80908078511428
-19.14148349269555
81.6939109385863
51.29385130348705
-8.349145367798805
363.40955619778606
143.86942389639688
101.7527963011583
8.322954888321497
57.283291794854044
223.64310826711366
496.5750986515004
165.6005434759847
-106.16601667993876
-27.086845360790107
-221.54692573459175
-235.6209887096104
-63.93280394661352
202.45575206403396
145.2054467610567
688.0797983343027
229.02969887975107
462.8976907636856
83.48598459284054
90.08609792386332
64.15447454773802
-496.7984987994777
196.2621662730469
129.50441456560068
149.2032739554537
-15.155390144340203
-197.88554155334566
77.19386775019933
103.90281575218518
876.0851740464218
403.06938115437083
40.34799668582056
296.7208793334173
347.40735187728916
1102.9273706448867
692.1281659386591
95.45003722645271
492.11730908604835
520.2058523110622
769.3122720958647
1435.5432319146053
727.2917826500072
982.5074878318894
-261.2996290017005
846.1000068365661
422.5311991724586
748.797501780972
61.090196100131976
39.535545696020506
705.773803635585
-66.57859161011353
509.50754721142334
-156.74031064601127
531.17516129349
208.41730219391226
19.440280331594067
706.3904717373491
575.075775309768
587.3579843718896
39.535545696020506
152.41165966238026
264.57912880455075
1041.4842952758734
472.1164986881311
95.07670499018974
347.79153200540367
444.91410416007267
14.708744847909397
434.15154713988846
387.1490414672931
31.618811133251533
-109.89170393894267
120.1897115558262
-80.55026203704459
202.77321566817332
134.90168150577526
13.046070868259847
-63.34312883733382
370.6186810439296
-137.71322475868365
-148.72480909154757
183.31865728695485
167.91303446267324
-123.95792752772681
268.7771320358241
-93.5684287207024
119.9251771181561
207.1346716059644
-34.97724802827538
-102.73152365414609
28.915582270845583
486.1265874139157
-133.68370466286552
-15.855094094153344
145.2309442207678
-61.412200868681964
582.2331673282272
-139.79292112141496
-4.2865010236725
230.23190176084233
85.58745097097136
1180.3029931992207
684.5849681838463
-73.47469336679711
408.3910084291008
166.88741901052921
230.03352444989343
924.8991766131419
183.43678474263896
132.82972085771635
498.10249187726623
121.62958317803246
125.47577406007497
349.2122904641429
88.57489313615696
-144.77688719658096
-20.41817468641898
-58.31970993092182
713.9291686275128
-191.31726580442552
488.99209762818015
-320.16967806000355
63.63118135922943
126.0048918167812
446.04237544278493
-123.25456911036599
-204.7147961786979
738.9407587093813
466.26877100416965
669.0140190413545
1192.8893292094551
988.6433256856765
722.3404613136759
382.3666848694116
660.0310450420673
1519.7458662214785
385.09878839565266
165.7044669170363
252.8364398328044
438.00482885187967
-3.565414106036677
178.5034746894549
161.83769124374814
1039.8183872088873
3601.9238360560557
1526.3313665189426
1015.8257103688807
568.4107666406871
87.4753993637892
718.5732561384375
-40.94993106782718
134.88125103962318
305.9130908814078
516.1341033232509
500.60232051874453
1226.8050586798788
73.8212984606728
182.94726879877453
368.7086806799436
742.6651225110106
508.3392267530067
327.2832185730334
565.6770581196674
-12.629436012975134
1086.7683155331395
-284.71152838733565
475.4208542524949
862.1419123082408
369.41866935827676
-39.82487141820815
218.75397410578591
90.91642500338696
-137.14728639420753
424.31381632006605
876.5684215152205
423.9087692389254
-95.30162234812974
-81.55485223850269
150.8737741107068
193.46223380979671
183.83493711344582
39.0555816396716
142.52048277175584
20.487518965563112
45.61428989411668
-18.194759883486263
501.16714974011546
-63.520645794587494
-59.719861235211
236.25747435855092
205.2548322332326
249.05851258858053
-189.0641788239609
943.283989268549
226.65709560485044
35.02801494186495
92.50651209866345
350.5020166251201
-2.3212220601657236
307.74004673000553
348.2505976543664
592.6259092118494
128.58070560924764
91.41756164739814
225.52708457233118
773.3846040096109
-30.8137712144011
204.01910562195172
829.3703459822027
-111.2243806802754
216.10764857872468
137.072750779574
112.19715003510716
308.24817004363405
753.0242963327885
41.83210616669319
-44.45963136934536
221.33698749762658
66.03869570962851
1101.0142039823997
-211.63055378689512
-218.9611693626593
-28.597824556316795
325.22259927905424
238.00969782974093
345.20081010038973
252.307861143585
52.09647889445918
85.98504972309121
61.63068217607546
-113.57231256987149
193.12417617072197
121.08142553853261
-208.45511205592138
558.4259452783224
114.62804596863232
300.21305399130813
79.70901187436061
87.44543255697732
1090.2734524400848
-46.782607548944185
134.62355238683824
-81.28171495909899
-354.7988219019981
245.84257586187826
-3.681863340952283
-82.39093337593687
61.13954105785467
-45.055348132288
184.3093057452207
-108.69712711933786
-36.96937839943445
505.5339159124198
-117.4233566320739
-76.30433828234969
499.1407224981218
382.51512193363084
89.00405241142303
124.86303819618391
159.9649548597646
317.66944316564394
24.97834258838776
-48.9344252878976
17.981955658124505
713.6500903853523
60.68659882315169
173.10433834928023
298.1665940348242
188.76551349175412
-144.55776817757405
-167.39673865484093
321.3430593710933
-265.91005770399124
-10.290426291539802
566.9817207337785
-15.286884424838036
260.6516739957376
-29.025834715233387
409.58665382516244
-42.52780062522514
302.5349156085785
615.7179392081359
-179.7678911924153
-17.312827478250796
709.2209228990641
15.39951545948816
-20.675363244835268
442.9464293717835
-54.36821966501377
495.74682853555834
214.02494867695856
-135.39926301320497
657.6744308713446
173.62585468996826
623.0301617594375
181.03169219491008
410.897803951846
-42.21687112549587
172.64368442693922
127.5559626535106
-59.585610603989736
681.4098223675089
181.02686911892621
43.96428814760362
148.06471271982693
-2.886498891459148
205.52423709139265
195.96934193063433
