-350.5921485979122
-56.59238173634259
801.828278280771
-1942.7967602083013
730.4051178702573
1494.1216570403494
-165.24594884040982
2256.19402457024
882.3413688299761
156.5318231488609
196.42866205024646
925.8956336017714
-588.4517801705063
-513.5130171063579
-441.58996124648735
190.5483596813154
254.36706745816534
101.64019382504381
1704.7553421534642
-1037.0017947245783
-441.78990382610556
-699.4045166970191
1028.3896872046555
149.51475973420776
-238.562975602179
-97.0631522415749
2398.736222919065
11691.738091381301
238.98418593585185
2580.976237854571
485.3456613292069
-756.4524411643813
-420.7797766841322
-571.955199456381
6891.67315185884
2145.953041709731
-506.70696657973343
42.22461912923889
-121.98293084956975
-164.0155661446201
-5.12379778928414
424.2012910781121
-195.71032953048666
1324.421383832277
4.6683748797624105
-738.5808251294297
-482.7359252048936
1355.2458712411394
-782.4450541373262
208.0978521034796
-668.9550552512753
-425.3621193530293
830.7372486440977
-450.5614869136355
-226.187111254942
-445.23670990344084
1076.9498804693078
-244.6413738189347
-56.90602099057253
594.1985119328608
-334.41199757770875
601.9384386920713
2498.7456977730176
2612.768081339337
3095.8364317532355
-372.9770040650414
386.9124951287756
1744.7497291318266
-233.376032288894
-227.53509027473024
325.3514418767278
1086.6288927994256
483.4387143353662
1605.981019896303
-1232.0123231733949
-362.8933055903293
547.4880812100791
268.0318906581989
1455.6723531166301
-1143.804372102812
-168.07776504744822
-1064.9260524887713
-144.138944253062
-440.3529787200071
-892.8402648605368
-980.8736002214405
2555.963896130385
-952.171909395199
-889.1661832189684
349.58090998155495
1245.519654130942
-1242.3766949503379
139.65244217695187
883.3783331510722
-816.2999831474299
-686.2138662571863
1524.0306008380976
471.90452163451414
-401.9696930243642
97.20134888902854
-312.2850510699676
-340.72473333277543
2113.2431579840886
8631.561145326936
-499.017313719263
15.32198437562164
-574.6637084050694
39.82915979338384
-783.2058363123551
-600.8829553703044
-15.529593432377283
-95.5775725887533
-450.0281422671109
-255.67369021547285
-347.7504719333711
542.6720252726673
-360.4721926211735
134.51228034800363
-462.1732863362535
535.0053668296156
-16.63654106632964
313.78946157953067
116.17896337498821
-117.20004605421502
167.93005655848538
-739.0757283841988
3249.1465542749092
1622.256485819994
-716.2254080058437
-389.99079613514044
56.792027765946955
-926.9424523763116
-648.8425573903669
1481.9304604443546
680.1664293281838
-383.0444940150841
3690.8851347271584
9.710180189192187
-675.8218623578593
-248.63123441802384
467.81814220697066
-434.6954199126247
230.5722726133108
-403.5853606453774
121.05339697528211
467.81814220697066
-1328.1663350462554
1162.9449845023235
-934.9628526933948
2693.3926945072235
-582.6946996281906
441.68759712519045
-150.14263273404407
-161.67169944893044
4323.253687631856
1544.6050967235822
31.361226731426143
-1770.5667655659156
943.5889250857133
1485.383736341833
-449.3554960433789
279.005834911984
-60.57862029445289
-249.34786027568265
31.976450983776374
2301.662570224235
548.8232848327074
594.2532568070262
35.62221597567749
483.6130791889584
609.4669369410256
741.7892509908418
577.4092008342307
1107.5097034093528
-234.75206454654887
698.0047859286199
139.65244217695187
690.5879267686646
-496.7849986440196
83.43121703145856
1043.3634692656033
484.0024555131101
-35.78915420323017
300.01900732120873
643.1280899134708
-496.6121292449737
1453.7339601878857
-723.6778516018032
1931.7515346937048
288.1648468802753
4226.506655748479
2410.4989783914853
2050.2266211207343
1055.6746904449487
4436.138714106711
506.5719205919556
-825.1250329590287
511.3589130190832
791.4794091381004
-127.74889260741116
-296.2903018758411
-495.1779368960553
186.0869835851002
796.4606224125118
590.2962836270403
14902.10179612881
-41.84822567105692
104.85904621782373
-936.2613183832887
251.74361399695005
-415.48229478383945
26.053938079221837
-732.1094364257035
-1602.9532931162762
121.06847256916134
-929.2263011556577
-51.88010639732903
-710.7038252001587
172.70295061424392
-292.2071668193218
2441.4315329551646
355.9154288235524
-302.2370206113456
2656.49463437917
-641.797767409339
201.33033319419812
1527.1472586005057
207.0921132725955
-10.724799973014626
1089.0148531438936
-748.5243213217666
1070.0375122457083
292.5388922924193
1048.8242751866683
2116.7780048146547
2809.8123196870683
1672.3961896638236
840.2103847039518
750.493457452734
137.1998619822769
-405.15755406433783
444.7174982690145
-684.0109684358376
-907.4519138312648
-323.4019476205103
-398.15671913928935
549.4700207991218
2865.503881520871
265.78719237277323
147.9025458631927
-1400.9009066913159
1259.5658936267728
79.52957335425596
225.64294957559503
371.5670614918252
398.0381741811298
624.8556988169421
398.0381741811298
517.0595110222368
-896.3178470783967
377.8892422507046
-85.7398960097741
973.4888637126669
933.3589810385688
1147.7828430125394
858.0433140891116
-395.61654989105267
-922.1948073837932
1540.3861299991245
-330.44237495816077
-158.38928005882627
797.8492784048431
100.54757982009909
-80.77640888162145
71.20445867716586
-321.43633203277585
761.9713760636362
59.082440295586196
2259.508700639285
-601.9808977750126
12.8772169844504
-15.814365565697926
461.13185061285986
1615.4881390683581
2959.205769120322
-564.6754932099309
-96.14714810456775
-478.77541161646326
167.87152824203676
124.72422140323874
-533.4360893626886
-720.916493667979
-1269.81745296782
551.7304737391141
135.671834047116
1799.6025746809948
579.8385448138281
1114.631009500271
-258.7807724246184
-72.68182774275016
-109.92468669184882
-444.8329820838142
-726.4513295489028
-612.3232855435422
-641.0608594300661
40.3230533215536
-565.2830829974478
-459.0468471610977
-595.0699497369678
4763.43280372366
-634.2497513512826
787.2053133494048
130.7111311129567
279.27871298795964
469.04670197909076
1388.637672461854
-24.910619597037368
116.2086711915768
-1241.1275539315718
335.25210242955274
-509.1638108695069
-757.3160748151179
67.9305275703233
232.18556231577014
1242.4492978440217
-402.6833280105074
1206.2476423812682
-535.3320585930492
55.879759982037854
406.0064348592667
2065.95053561718
-578.4465526778713
4.006810364292448
139.65244217695187
-200.35605283122948
2.930005627652747
-677.1930321119212
120.83153885419219
1167.6572837676608
-735.1665433741255
619.0266695900257
-638.9091910550164
178.2473528536812
505.6431657452143
727.0985676029452
1828.4619842718796
-462.9864654210132
-4.955403117891223
-251.73588711018004
6958.297303164704
5893.971487077312
762.8028086751826
688.6118944346456
427.02583945045365
-142.68492318428605
343.9182562811619
267.50517473104804
5093.553987271526
-10.430362352824886
1447.3185980792123
-298.8132903015982
222.7819865327177
-579.8270788010361
-604.9058173984654
-298.8132903015982
-631.0947911964881
85.48853026474643
-141.95394076794173
205.50038321332931
111.48180621244032
1241.9913370944753
432.8997517588003
428.94214307922
116.21290837918104
-396.9601181888966
1254.6254676170129
763.3036033146464
-900.5940597657532
97.47842826051952
-681.6081179611192
63.064530809532926
293.9357681063207
501.91491688984314
-96.77180455206383
-97.33758400558906
-433.46392103651243
1528.0408745236232
486.57570907476054
694.7074802717118
-1031.0850305214362
351.9313935496539
1342.4183781540514
2332.5415662370438
3486.2832596865455
3206.489868908267
-142.80964446859315
-1951.8252480954525
172.99789463353315
3320.068311605011
1327.5566311808893
99.62926950177126
834.3209361074723
-467.0500584321473
-272.56938090396284
721.59153186971
-455.6232066493631
3995.954421023488
773.3091497116429
304.98031233896995
-1126.6365672374445
-331.87607728583106
-254.6875156117241
-981.1857216048145
-1801.113499926269
2232.6539926972628
114.92714090771301
387.64871165624146
-672.8121993193492
-1932.343437002155
-627.1715558971298
-249.07319565166853
-143.16763340997068
562.0181257886693
-329.9877673627795
-250.64157726412446
1062.8612645400776
-242.71854061437722
224.69260878244603
955.9858485710045
197.6446502054841
-153.17700783771448
306.89528385394027
93.25491150058147
-1322.6056786688782
-458.7979065803816
4175.215917237447
6.9201681756290725
1755.7274238984708
-773.6609953968741
639.1354942391529
5039.489605111124
-630.8012509371631
205.506632554316
-645.3360548490314
-289.5244795707078
838.55763388899
379.3798945801726
-387.08187716954563
-492.8149552227422
-350.2618752205654
645.3873476596298
2300.7197654628717
2701.49656411024
-361.8437436533007
1288.2329833096733
1037.4222595054305
1484.436098211283
334.89427530347683
-281.02799648696373
3481.587244180098
-368.3829840965502
-780.481501717919
191.928041305146
648.0867717733431
422.3236181714001
1179.6551096629635
1716.829744733812
492.1268385468014
584.8257393576071
584.8257393576071
-720.2654332198354
-92.15765100704354
607.5144777798091
-233.52913760718235
-402.1946897907557
-936.1390029128156
-93.64474682191843
1381.8427805114527
902.7693844950027
-173.33894033360338
-712.1283585035881
-1056.5097164402803
-31.656401922184102
138.23515647531275
-672.3923330138539
-445.6313707677022
-1608.786227636314
-371.1416420881349
4631.583327717682
2782.832279213379
-504.88402164312373
-314.5126078141073
573.1366584125954
-508.2927699028791
-300.39577438501533
-336.21445825388133
-571.4077455311733
910.7579265577733
5533.7977842552245
-602.9638453920604
-13.34285463216051
1042.0030504996425
-275.9347967106585
3760.7320750005647
2286.9634730966545
-622.2638601027536
-456.8655991337178
-777.058114006295
1137.9229910492022
2231.0656563437624
207.9307321535962
-119.0325385902226
-102.31410852926572
-484.15222765431093
390.0602529403996
796.1122495807767
-93.40404140825069
1636.4990355626383
228.09431737675942
927.5372681008741
-910.9542638947182
313.4996477712287
-487.54574674927295
-80.18089085044645
-236.27577491633014
1785.9573956174108
-252.7411689696645
226.08665179184845
-534.6771928843227
-74.3693029062041
-838.2388291816433
-238.91970109814787
1100.5834305996586
238.37354228194414
-395.52113236443785
-1183.1740067756964
-727.7047217048025
21.314771234339048
2567.6739394961346
3759.377144073085
8.181688035223402
-1248.5303986989836
-1058.394949451685
1101.9105706245891
-32.36490533517042
3671.0205708162175
12.373200192567879
-640.8515415868364
1408.4541925863882
-106.70097783225222
3833.9911060308377
-94.89508687216824
-109.68393714197794
1356.2216893496761
-466.057136895655
819.7695742175465
-623.9188552028006
170.8597901876562
124.82523895925074
747.8333087998308
1504.613403163716
457.70028845664064
1249.0679537903898
1611.065835722774
301.8763434435433
24.465430327001073
-1336.7044643377637
788.059134468454
607.0474166637043
-1034.9834206995067
-1037.6147310399829
-108.23879064463642
-108.83368587084357
271.88993630329276
312.7830382121301
-595.520249735345
972.7939700328798
-374.2554197262311
918.5914000991743
-561.932651654944
152.29981803861995
-843.9289080322615
3493.2717145444926
452.8467133584206
314.9777477234011
250.07282421087024
-98.10784520869007
327.8501902222753
715.4565159963502
456.22887911044126
-530.6074410745775
-184.13773286208124
-192.60925203880504
206.30705543010725
-801.5820917935275
4206.317876089514
-717.2896558313
-212.36406671889688
-49.375710554348586
-332.5326917558405
3322.7970695946046
-512.5561258021103
820.528972973058
-364.132836796413
-436.5181036583036
-447.8558608200969
112.38247180555936
464.4713646922817
175.00310306633054
769.8466106868107
-185.43527708256687
-218.8144119087795
127.08593127326769
-1769.3160191945915
1967.1290226429144
2043.7416465429346
-505.1446802078679
908.1915120181143
-741.3835904400357
28.941859345760463
-380.8262353430876
-864.5991809502725
1899.4394841199294
-969.0845033196217
-356.03660898918224
1094.7774764497087
-477.1976162508843
333.1995923993359
-22.40607416378765
1910.7650004322213
193.49307240538027
-85.74327305624797
-412.6342431044765
-181.20686514427388
-1252.395941495299
-411.46075991607194
2353.941176374684
1897.624388690524
-218.41845699215492
1055.0723336745448
38.69005921644839
37.49276221105258
-352.90445350603625
384.4244044082515
324.36534346860617
-308.1147036362385
-187.2255799992459
346.86537753807465
297.44571733668295
182.88527630170586
7.647548277862313
1110.43992698865
55.576972470284275
345.1079531689646
1588.4917305240024
-1208.0726196028143
1239.7194179659127
-618.0891554108314
1090.5262543581055
5464.972053067918
-410.64413909422757
347.6180079650026
514.4180825952735
3306.873933660543
-564.4691010612758
-566.888583606205
77.5542618553176
890.5055874947604
1874.1257663760093
291.5614454432431
-230.93970743858318
538.9410937856251
2594.930386476696
-521.6239957657954
863.9055664843756
-193.03632600506802
321.77436790621346
-190.01791513059715
-161.73354757681187
-381.3295912787075
1606.8030166443757
833.0840171419748
-332.31727918224857
-65.8868335234861
429.4996133207772
-295.90720168396837
-679.0378740352523
-447.4598659349643
-1053.303027196615
-796.9261803524782
3614.2628120841014
-1.2776695912639013
780.36222882636
936.2397953630593
-1106.439085510091
152.0509391436153
-279.62510258272044
272.0905102207772
1042.1042200770914
564.524246171736
202.40345280708118
-1101.9352217390635
1384.9187015321936
-36.58241213812883
-1453.0253511372343
449.80802235762417
-171.3147313223442
-108.48437718028055
721.3587118978774
-99.97766390798645
-352.0858943156676
-497.74449859271743
494.9101493536759
752.9204427131319
-475.8505664088513
-597.9702458185286
490.07574664527857
-516.3406466380998
-164.12170001139935
-40.93829219864034
-355.3832277504336
141.04967971870124
-626.7000386627908
273.5737579723923
-576.9155531445006
317.581543650863
-419.629444670552
190.86679964518214
757.1081503848523
113.07584359036713
514.7180223477112
-550.9818883834928
-55.11504258893598
3815.3225221960465
3722.4601642343987
1089.0148531438936
-41.85644759881481
285.6237726232801
522.5390444157542
-480.07421047656106
-661.2015320632672
495.83997672670836
-694.0267245810585
-882.9977588345389
3440.113845352223
530.1590705439245
1371.380342286166
6075.866112692236
3956.9083391656295
3812.2617481097095
-642.2365652793537
-1202.5274779137624
453.1111064474939
-1174.5936130693265
1444.22704181046
-482.66954653434215
643.4088391572084
1408.4374288932108
-1308.3626286202425
1513.0664228183555
-1327.9913872606298
729.9950078989575
447.7157574082052
-789.8523581650966
-517.461364657265
-32.51009736524634
117.21255280923401
-706.640846892232
-73.62541571625485
4536.037726480113
1763.817153695598
486.0391023507781
-98.26066798054575
17.75349983647942
75.61455494671537
2850.887822989156
-950.4297524432441
545.3035681184319
795.5313755550362
-50.654326879128405
48.278133442173555
91.57987773065199
-569.1972329682344
2417.6631745595637
1963.9471498643588
1620.3707489663857
199.53700408394963
-46.9828114162612
76.76434369286358
1514.6632643285905
963.1298071584963
2248.402449320485
-775.6949204247658
8.974186868182187
-236.50716049304106
-214.36858592219005
671.9776154674284
-165.34171457929915
-153.47194131510327
563.6829400203768
-201.32569561729844
91.4236353944043
985.6659845995882
299.3161120143294
-508.8582759449154
805.7710172312654
-390.6857063617551
-789.5567405167487
276.6724731253248
-1027.19729443029
9.330665275942039
428.57542431394734
2480.6016566108387
-1312.072855736381
128.71138961568926
595.5377908814953
888.8448069730318
532.7944103664139
66.47444788756806
850.3671050800399
-567.0018240165437
-80.7196757882976
-337.30948346302165
-614.1907484652745
-785.5829191331552
2202.896601852144
-480.78822349921387
-322.1158503344793
-600.8706400313301
662.3264802059182
-197.18737973928035
206.88016119515035
1438.7803383235837
307.31165137775974
-459.1038271202463
-21.844393953719702
-425.01957937671415
-391.4273184091206
-156.42649619704758
5415.084599093358
593.6735460434286
-255.4328737296408
3629.0516843340265
419.4824796281785
-10.929202307505506
-226.37299441194233
365.5338460215005
853.6230304238522
540.4853335903488
-532.5566498296694
1212.1115614774405
681.34519875571
4422.225131982942
269.8780711949433
3282.5865373893016
-1.057835820748977
-458.24230459210486
271.5050196781083
4850.9197489376365
-367.21530312803117
622.0898538333026
-643.2504784738096
2149.3066229649685
947.7238266058494
-480.69943750542103
165.14198839303268
148.89081248556482
-239.12257281222008
3136.3743025217877
-297.711979317755
2523.141600859767
-141.44590352218938
-111.86862637431756
-168.16769956835827
535.1582877704413
-165.7592148860598
485.05414646616765
-49.68918691416485
-969.6328679265
-500.10941304056695
-506.5627000542772
401.54765454761724
-839.9797456975616
-987.125092694615
103.48979345365825
2917.7519089391017
127.45133017826615
1002.7020993016356
4495.238423294934
-764.5030250291375
1273.8952320075327
-524.234306751247
2374.824289674766
1179.510772870643
510.8753006485273
-108.62285638641737
1153.4435283293335
806.2631894823999
-349.2362454862824
-1124.3410085682742
-148.95767816750742
-216.8868653975489
-839.6705092053126
33.16479999863466
3770.3530712371758
367.1818603519562
-274.30219029704864
1143.1225413322165
-703.4703609015703
5240.483609770641
1181.9486708008167
-589.5562209903189
-675.4622997619829
-1689.6508363787634
341.7353250876779
-927.5371114755228
1117.7296981586562
-268.65070674330906
-694.5318433375435
935.2451169071367
-397.16604231943023
-397.16604231943023
-363.04204537883095
294.78797098103
2872.720545188871
-714.253669577454
2703.9490704904883
-465.0187392766241
-117.52278340676247
518.89171058704
-685.7208669482341
1205.0855797579936
-596.1905671590428
-260.4914357297691
1809.8103591502681
-494.7497331661369
117.20294665936404
166.324185374963
515.2108530577673
-551.7937712664796
3687.3864883913325
102.49771325312372
-655.80624226746
1821.5711561096387
-53.01812692603377
-1127.9901889416087
-957.3031603208306
-382.8010355499334
-97.34025854871999
-816.637993496731
-555.9361545913832
-794.5440789590602
223.56744828635124
-435.75652720306897
-200.33638333958498
-222.22829687482107
175.39728106908527
-653.83914616416
-26.310640540339563
-64.60034152338363
8243.240444884752
465.30582322467836
1733.9396046269244
-65.06704561269046
339.90452885321054
1761.688243936002
3207.108334882817
-58.15828648466896
377.71100169053244
384.2913288581207
-808.0419165411467
3038.992477643936
562.2791742978163
-285.86054918378335
10794.693526680474
4036.0889975618584
-373.3551538674125
2550.4334402771383
-235.64198912160435
2459.17896029455
-451.8982117996092
-704.5652258265052
1026.6029294370262
-868.8205408990266
33.906055102758046
478.6821485031298
-524.3723420814424
-412.8486217537408
-697.0111101524458
1504.5055600304345
1246.9684472026577
-1179.306194472671
144.24367920501572
-173.06537866256105
1711.4930302102903
1589.730157317547
629.905284198388
219.61630857309154
219.61630857309154
788.2197100164803
779.5960459854996
202.74190679328152
2558.6846216270965
-1073.121863907139
66.49667923304264
-1063.012780158201
-191.13635038241085
85.45205193741663
732.8290365054918
1028.186111716516
-850.7804699381797
206.33894087933857
378.4271697486747
143.00262019119987
-122.9616397064259
-305.9174034548764
-591.5913640542792
392.13609997605226
923.0787750021377
2094.5236149494413
-491.2412944097097
1031.818472639246
746.3998652951359
2023.1562132789866
-1355.470729432469
883.6090469647709
74.37020511380614
3607.2941447544404
599.726374132185
-1127.395353205945
767.6228584891751
-114.13200966923725
874.9837836767533
2693.5917428658945
1106.406687078719
276.8569168761889
-812.8819533052233
148.77529895279548
-561.6491260087187
640.8629302587192
-1016.731135495734
-120.58308975841567
798.8912577837439
-142.42705480955573
-227.4425719570341
139.65244217695187
-553.4669643957668
-6.763095382384904
-579.9755877683385
947.4722864425723
84.8921487819257
389.18718462416143
608.2497463968209
614.2573038380687
-1097.2698726606466
194.29871802859196
475.23136876701636
6958.343987680188
3710.5364531024734
-360.92076150394405
1547.7752299164308
-971.6529406983732
668.7743005476686
106.2067150497383
183.4347527585398
334.37786927831553
-286.1371516869154
215.1227786493003
2416.0133834063695
94.01817345595312
117.7986203302682
494.3959364384737
141.98948429821223
-169.001002713694
329.75382916198436
-1204.4479535573405
307.24432499932334
468.24282190790683
-286.7250096264791
494.061532110138
-11.157396651819738
315.14702048952915
-231.5259477586726
434.7682469261467
-238.03111342287883
-1079.6378249183083
835.5934274061885
-675.6978207439583
318.9202867059054
-1234.660857595396
-1053.9446570870903
-1390.4695371654243
-250.89060562570307
-1055.9228979522604
117.20294665936404
1472.7915438593952
985.4803477433204
512.7010660124613
4897.582965547958
-524.7406054250027
1090.7086658602102
-408.1707102197062
-459.9392437613346
-667.8018577556795
-493.36426327056205
2107.669903023443
1350.117434888678
-1143.938704230059
156.07436612018768
-1338.996451100573
951.8169891228122
-700.5611652818634
-810.5353893941206
463.163377249016
627.5413384725312
-535.2580090710742
-338.88010666747783
47.7611411165167
-284.3271148233866
19299.65847366262
811.5703878169545
1118.1182029701276
-899.778345981149
-332.8510680645811
25.52331602226701
3038.084283060598
-113.72642480901808
557.4020151537127
369.0779278938418
3868.781895214153
-77.82523345848702
-980.5761390769128
119.79376660047294
16151.831642360039
1006.3950851886368
33.5273641289706
3214.796339872113
641.279491134688
95.01908606556566
1084.704324299112
-327.0313350413231
3566.2529843301745
1340.3570909828522
-306.42508548620464
901.6903195234033
-221.34757073516005
265.07968203284946
2370.7687177078315
1929.4576445021357
1597.497045843408
2080.4537714648113
-336.56154592686863
1418.749544319986
-592.4638567506647
-16.27344239657708
-236.85569165996128
1432.8078309446978
-155.5994780816029
-836.7159666471732
-373.9448778880282
-510.103453306821
-1177.3759772905191
-557.9920836394617
-1245.3784298159453
665.9324573304912
502.3580538622154
-338.3971060446384
-62.30829091535088
-1127.577650381403
696.9554060392793
-382.7720642275012
1429.8955885767057
28.539599528447354
-161.8132511786111
-406.787200989547
1247.4257301258845
-316.3061924197271
390.4001295931168
685.1402895980393
-164.62765255394606
-728.2590084022261
1262.7035416740873
-286.36563896999115
412.59345487426464
250.64940624944003
-412.41240793624405
1932.059669719099
843.2724703488107
273.79932260696063
2821.855513386063
343.2302601350236
153.44767737738616
15544.895658522393
2298.756158864396
-131.17921914375262
-875.9281397125505
2284.1771361594497
765.0273735968524
-155.8761100656747
-626.1917849947229
296.85849800235377
1680.9939745193726
1048.8105485781755
5203.229756031019
151.05851265646132
545.8534185096371
-159.44189611450957
-37.610389901031624
1032.8874707526188
1373.7582488165638
1499.4753489637824
1931.5791141340665
-440.2782046340282
23.283818182824632
914.0456985617675
2806.343027656734
-679.1343748598422
-321.425508734012
1767.7933887162249
927.0280506776169
453.43626540043556
479.0490553053764
-644.2503223654935
236.28458524066565
-5.115185107124887
-586.6971693595028
44.194559489678085
-168.03511426583083
2300.634640320858
86.01193583062033
78.5485362510226
-518.8276119678903
577.7799222229319
-479.39534572464214
497.45877872385785
-706.5759968704745
2379.407365304671
-138.1633631135985
-413.5517847458463
-187.1741334544605
-715.7716329068353
-1150.592363327249
953.7077130631706
3027.8762032399704
1405.3170275028451
-411.90384250144797
40.779993138807725
204.81851135479798
1298.6355671297692
1062.3403844700056
3943.497351275484
550.5385374068773
725.8495014914895
-81.98575573412089
-636.3351076623619
308.1866050669254
288.32800151671944
-287.87968512621484
-389.65310366191505
15.309854429073951
2105.1308325229193
-295.05636772903785
-954.1132661503
-510.41034026119013
838.4584271099116
4646.395840352483
-330.82403417153694
1113.8136751863071
2829.0493244558998
722.5068251832151
-1494.413031931028
196.58792503719584
-926.8180497832386
-17.61057002951253
-671.6506342576274
-1113.795099899043
644.016864278278
-687.2179089290048
139.65244217695187
1249.4940616205565
812.0856932560512
-252.23642411550168
-209.3723508732374
1933.4503953489047
-491.4630186848278
1739.195539046845
400.84213998729723
-487.39707452407816
17.524900908295407
1874.8447812919037
-1009.5282643618161
533.1477471450046
-1191.0968612548645
1614.7197586152374
-1016.411149764512
2322.0486720500335
-84.0897919596502
-1036.622170484411
-315.6282844910095
410.7854803987272
-188.51984361286458
269.9033578622168
756.3937617894226
-584.3359629808724
-44.567203482549075
764.35365116973
-393.1674720787685
569.106722372162
2596.686155708102
6123.849759814832
464.867889352046
139.65244217695187
2124.2215348245436
-852.1782052686633
-519.4416621484856
-233.25224023501266
-81.3948697896318
45.71162879852713
-687.1605031199397
549.931469035689
81.67777719717628
-820.5589297571826
168.94018381033746
-838.13580587142
-511.20774602062244
2782.832279213379
-433.79180178151734
201.5695873595169
50.96478954558337
906.3758525856315
1923.570653547903
678.5760663232991
1915.7808516623925
-349.0228925422059
-387.75534492190553
1584.6534742041827
-138.18053515660517
-495.44905106903883
635.4550101225489
109.99438077727567
-921.0268710335847
-103.58757277116032
-448.30656217956465
193.18765183525989
1512.2214450654224
156.45842933775123
967.2847447454617
-68.48232101284586
1202.7314704472212
25.1095193851001
-897.341174204168
