434.3343976535389
38.701880349204345
266.9523867883899
-101.79390991582903
474.9125896044087
-9.892661867280182
335.49975063900763
106.14844129844795
99.70315370991717
114.91417829847214
397.5528219681853
34.49085033140396
0.7587600811510953
104.54248148922412
65.75208439287437
60.07486484517122
-44.342068980504905
331.70370618364103
386.7115358860916
90.04116133061021
202.17437161442228
-2.897334242778328
-134.59207951283292
3.3627438938077034
16.040339389632408
568.7175116312808
227.2054413451403
-84.32576538332773
261.8026561949882
233.98162315525428
1807.0621719953763
158.36162807997775
552.3714241696459
5.411746158214669
466.25206361437176
255.99676648634144
-60.576188878246285
168.85960341293463
882.3713274004034
239.63451818381782
165.517036504903
440.4256623994859
5.014307745272262
788.2847606287913
206.8132915639604
841.3550717594404
95.94650524820092
146.11131510646373
158.15086627689456
411.58847728795104
38.83527233456687
42.3188935149733
528.0935230769537
-2.3448102110984763
-37.12876692421224
336.9366127893599
257.14599372562884
353.26631674275137
46.70195276309366
112.53514583152014
216.3729254386045
330.7822872529632
1235.5781674733105
299.20806494638475
857.5484786172436
67.11847650264072
978.0651561576825
31.7312498939945
157.7100750255056
231.15826510084634
172.62652937120322
-41.51471949367516
207.05713559133318
353.67871825144823
142.39982656934438
243.15447865563314
224.01629333070548
85.69892995927312
639.4056653327673
-99.6008753177621
427.09934116396687
787.0089925018739
412.4377137326528
461.8841717378908
108.9247453844987
422.1555016823394
296.10341284901665
382.93420842774924
-22.20590492977226
203.19166151981383
-62.60850442045688
370.04217110948355
46.27237711090463
57.45628756969424
353.3243759470304
33.40216337399991
-110.38730261474038
264.4295464867212
302.60377818212476
439.5053571351601
533.922829361619
159.7975061617824
3.2849117900661327
294.51635981561435
369.54361795834654
218.72412030121444
504.9678452367133
-57.187459956865865
127.674933055422
-49.37069643168604
92.65509545664516
-15.266678156744504
98.55827319264812
185.95044939618595
157.4574827342313
62.433052410754556
1173.6585543812237
35.99081340174838
9.762704598988236
199.6754152336719
-34.08156721445326
101.85105819655666
-19.10657497827745
688.4705553658738
-56.68837540568563
-63.52333020071214
64.10294826662576
24.875438406756643
160.63127224342898
681.0783877953578
-139.7104010036431
-3.395882729323347
167.80801916314533
147.95253169831665
160.68583171476433
336.60379773994157
411.140364850177
273.7415237455166
48.44885165819644
-60.8824679749718
231.71886096253075
-97.84689832814269
660.8084678005297
-31.933106647907067
256.7971457026788
-47.042795654393814
-57.922454438967094
42.51051744524017
120.43622878066493
162.22161676276417
259.10059243615837
291.9486771616656
179.2619484374345
42.82664537327675
-15.266678156744504
1296.6746892141646
-46.14168806565087
-63.776663957241055
-69.12380366424813
259.93908471946884
244.02607014875412
113.93510810951386
-75.71601708607378
571.81118644753
80.7537773319695
672.3292108607194
231.07700060506355
58.17482389154676
153.75585464660176
-87.4157857928763
18.363356077602774
829.3196366517651
-70.56330689772994
69.74711475252671
448.9573150500155
-5.905149830288721
11.71163261229421
474.3554129213155
30.22391386407594
144.41908625198843
67.78106305495957
41.54939133110281
119.98600951294328
-82.31643459347757
-17.71567253128225
445.9875610571776
151.4149802092918
647.0708201564037
47.13415238451795
198.17941682539407
-35.072455403909174
118.5386221215383
284.76038639529463
32.508723569037784
73.9360519065294
180.885300158252
155.94432650561313
21.928123999340244
8.102779721349904
