3880.712311346781
315.1973236028394
-753.9101717341429
-128.72201075686885
325.37828183697803
-226.56700470203936
-632.1489764034252
-151.36650503050384
849.4475428582796
61.88053841412827
566.16815668328
-24.906843492137376
280.47182515623257
154.082143641569
699.6998300761301
-278.98725013465616
581.6599896146733
-337.75697664968027
-636.6645124008129
-19.503021741797596
-55.15248776050535
79.7276711132535
1102.2877836930866
-468.22563308332207
-207.69594379575778
32.00468087977731
53.968045997299754
-278.4086299388671
-239.44117406735157
-725.2206209489366
56.893844697161256
303.6857072812252
-228.1050192594168
194.53909514666725
122.83835423667946
-7.342828014444635
-7.671365160880612
-324.76483216475845
110.5311933879295
635.0139613167512
-109.21930019422807
64.22104844104499
-337.35803606160357
126.00573541284061
-204.07703918605748
-217.12361018689003
382.52301168786903
-623.2799585225973
-207.6234251112682
-898.4277905245077
-163.26092101704333
-57.14031940369401
314.0407826656476
-574.9894737418845
-457.0218536284209
-600.0641449212151
488.6159354441794
-2.8322782999670864
68.49526566134935
89.08646390279182
73.2762613482657
693.6914888267543
-490.79516424295457
-233.8442822013929
1020.9873720879847
-50.889345805839746
-458.4173939474895
-406.60989365576273
-274.74453468700017
-247.50972785434982
-40.42189350764713
-303.44390057552755
-260.6769369309422
127.97205451644541
1263.7475033904216
1308.750541374313
20.976250255259572
-779.8315044988907
-328.9262207417315
-541.1900293937435
-201.95322789182757
55.98363417143352
743.3724559056369
-303.68801847430314
-177.80676677666605
245.8033035735932
322.04908624751465
-845.2856720287648
-310.81517411789343
-240.76519625339301
-42.20026835981808
684.7731819480076
382.6751695045571
-2.7724268702904453
613.4977557341447
198.64545578956114
-222.33474656132313
1306.4775532607441
1071.5568738535453
487.8937288974224
837.3283244076083
-629.3828334239247
-327.75770656390813
-168.81225592400676
-449.37812623265825
57.900325980388686
-7.20780814686384
-130.15917772739147
-334.023297956083
514.2082812140765
504.08817399079555
-127.82579118438048
656.5926846882714
1154.3534349460629
-351.06647160497783
-466.0934779036481
-76.19051953664838
-819.6879903508975
607.3690399280607
922.6201486866444
-431.2756538760791
-127.25996506397425
-209.60200777844005
187.0360723730039
-71.08121124974723
-244.46509729049978
-527.2384123689444
-576.4352149197842
1729.9503279868236
-513.8694886388035
142.73158849158185
-42.21040262911525
-736.967565080291
-326.3033077961189
-292.5086959805369
2.2771902906634693
81.40165634432469
-268.1970101166971
-390.9589186034416
-458.13207050886524
-49.147021984298675
846.1745894814059
1104.9518861120378
272.5888498959329
178.18004079488287
-160.52398585823013
572.1641005234982
1066.4996412801056
83.79760207455979
276.59106204156694
626.0246124627247
69.34576028833561
-79.80337453488241
-60.11515905018783
-114.45117986093186
2572.594632276101
-136.8606064452128
380.20640198986723
328.2546640209169
302.81774576466904
-607.9808001882028
-881.0219381588537
-129.13921306783817
-272.88611452961374
-228.05383498176062
-251.7272188219299
-828.9983138092089
-113.75252638001498
374.73480403584506
937.0599452370224
1063.3195618626237
729.8227786751733
84.35292530921714
-511.07148528962443
-167.59534464418005
830.2515230034161
95.47304435041013
-337.8334116094927
187.22996367798413
689.5908101685396
-253.21327439471366
-312.1220664839583
-410.9689787148984
-177.67171594769405
-6.701441388977429
589.5877900364677
835.5546011158192
199.7550038611172
-4.829473382356241
-260.93421933333457
-1035.3625093688993
-652.7124150153098
708.5134381715503
143.9984733225536
-261.53191455904573
-353.5108275570123
156.48418265961104
-137.86071973361416
15.708415724394413
1295.9066480218194
90.07948589876511
-600.290604119072
-516.0536848990888
132.4587630638383
40.603834922414194
623.4039666545227
877.2322295500733
-26.70039985324678
629.4419226177562
245.99221467442396
-501.0136760827863
352.58704341977625
-255.3723587714996
1170.7050277333547
-343.2650005818378
-246.64222365836673
612.4753009357738
448.3995196681193
-8.297725229985616
-232.85234569062337
-115.81300999130058
-227.39803084300078
347.5926548516876
747.7311195104454
-27.776575659034343
-351.05061407269966
-90.28396784760388
-6.6630390130538615
168.94368273455353
-204.75599539176648
24.245436109701927
245.08854294669402
1139.0141065206212
289.5104031717819
-584.3253987565399
242.0273314386488
-34.59326830600929
2775.308197328666
-432.1078601751818
-48.861755206958335
-437.942257377861
-230.3680761148658
4.582309666220027
918.2120985123942
3644.9663726452527
-160.41907934512733
-72.95722467181052
712.7013691491953
-452.6384638202485
-173.54349361236112
763.1375437904578
-154.10351138057348
201.3403695446989
-142.03054405361212
-655.5586384238782
648.6975269112548
253.67319344376307
-516.2635985110007
-459.4221650581411
-242.44929091680473
-204.01934919353153
-99.39241154614889
-454.567637830938
-334.3510412197577
-566.2854315230769
39.19442172685473
-443.4137124361997
-316.15733881096196
-95.69128814212553
-145.39930500760488
-438.4260277622058
-397.47619062130394
-477.6634730527704
942.006793369024
10.552614062011301
-131.30506797886244
-183.66687955514973
589.75840126423
1229.2302703777118
74.32797134208542
-102.73335089909632
-565.1159961710567
-96.3059880150366
-21.1816548230164
-56.96128715474589
-76.26026886692026
158.6790748159983
139.19631175947254
-53.658881055753056
627.2017714398787
-597.0135486147217
183.38235006238392
-436.48294711387257
125.06176505019624
273.24109790935836
7994.402410284896
118.37616791016865
60.87426891267279
-71.10380431890616
-450.3171959388475
-348.9387099708164
-307.10677350170704
-260.8612077378873
-214.95834058082227
-563.2799126377565
399.62109437935175
1806.1472121560723
951.6511442307641
-237.35653882014878
267.03659554428145
-200.89168398769897
-15.340782259513219
-106.39599933114027
568.9274443037106
-38.43907079623644
517.4735817613939
709.0498469500266
-511.2313911750257
933.2743682309566
771.0786328336075
-307.05518169102317
257.3953222652434
-226.77389403947063
-38.98327697456102
504.7414349117971
-266.5489881141134
448.5282221719183
-626.2591508443
210.73047348823184
-254.0620134227996
583.650351342754
262.01297079534186
-825.7593790142406
-230.3062737468822
360.72290633030536
79.9325285880144
-228.57939199596788
-217.40160241746116
-321.3084889798525
579.5376641016812
-156.6889310504705
506.5236510464782
-191.12225394975206
352.1642623584082
-255.98481284465
416.30431775237486
1377.399622446962
-527.0944770017084
-436.2429973921327
-375.6490374530334
12.304722833888718
14.841549558204377
490.99661033275765
138.61921459382702
168.81517729518873
-106.01446382679171
572.4808888072977
-730.0855533803234
-20.095058651236926
305.9760237906084
1422.770506612897
859.4432849070529
64.06750094713101
266.5379094075592
-78.94223985027136
-319.7551168780153
31.209286907078194
-111.93724750218112
-129.78901793688675
326.4930522544927
-656.809508780815
1298.5112219177886
483.2831019233257
2453.7968175776414
657.2976817672352
167.50955465488093
-300.8171401104131
1473.0089289270722
140.873615484229
-201.16403208092623
28.00190741542616
153.09038138880655
229.24383795347921
673.263495806746
-156.9841964519107
-399.41632149790814
-31.55186556565411
-408.94422813703113
-112.1630569298586
-272.95622585668843
5688.148510853743
1471.8182944221558
229.70335351791675
-414.61292908503515
433.65089559533305
-234.30175460005714
234.6598392188464
517.5937944086153
-667.5213714571219
-174.24506125793198
511.43681457816035
-34.28231509761741
-131.5421916950932
790.6429919982473
107.20764449694377
-180.8165500032575
1580.5418507989152
2269.106705555428
1684.6969061000032
-530.7440843082896
-277.6404821178134
180.09490594533287
-670.2472840737055
-60.82857560801584
-281.52279436382673
-9.647639071395275
107.00723911406189
339.45011623398943
-421.59300977642516
-167.84034284496292
927.3612938987368
-56.21363318791291
-318.9856811527391
-384.12034087219695
113.3674949370378
402.3282340889042
-198.93333759480447
873.0852008966806
-200.76831966126673
231.1470653249528
-1045.467240313451
-411.50185478652116
579.897622607267
-50.4352170584944
-65.57825458240859
242.9467260960318
-108.33680988778414
88.51942974504027
-223.58556139022193
-127.74197122353992
6529.757843686119
393.9955477422727
286.6554951993502
-555.6341450593302
-243.70888909571661
787.7281817053819
-499.10279284295063
-419.0143503368297
-311.03095896983876
193.2968065222766
197.29948110328473
501.6168573808834
1077.2272185126558
1826.5934271649417
135.89653446638252
8.361793990937429
208.6486569830907
-520.3802818542662
-69.84988926245192
-163.16802468816542
132.89414077853962
175.4441547480593
-211.32965264195914
94.16872023901527
-350.5836334862802
-398.19626723911546
409.96128729007023
6.312678266964241
628.8949457763733
-126.51742803570227
-679.4240510694481
-342.03675475117166
-193.56679832350915
-366.00436206897365
-231.8079875446333
-520.4357663544265
-163.95389776245048
-94.8785980747679
-661.5925472554765
-57.26737417277734
103.9743903523923
-167.48958545621701
502.4489833820992
-214.9026242481504
90.16342352069412
-118.09396232430444
333.86543933907905
992.1215809549541
340.6825736041702
-328.91083047246804
74.25387742680155
-420.18962151025494
175.8083799251673
-450.48401205976313
34.553363323039605
1600.4708896366583
-143.68180527184876
570.0246742258673
62.98194151892392
-471.8621770061885
159.73781657261682
-626.7118428840465
1193.1198884296027
-94.6730567722617
431.68785072511605
226.09610410000664
-156.36727526555126
-135.264623408255
-101.62063356092062
-221.91373902799873
917.3079971261766
3766.0980940011623
1773.8636305057098
-629.423071854157
1056.291140415468
303.8464958315994
-135.51729308526535
-84.79007709350509
-70.79905178049708
3745.0216593754976
208.05710758995986
92.73896008020273
-230.93368970833228
389.33852100262357
-443.9409645590879
1059.750715175233
207.79542553105728
59.89097300895017
610.6116440281062
-661.8660248207141
213.99205186347137
729.8712443418436
-370.2352967110324
-120.53072221496696
-125.00244152704511
120.79078911502347
235.7447463052423
-318.45839529943447
2364.1350422122446
931.7037691059801
140.038310913001
-62.79100770838712
224.77950953568086
124.7338487897652
-359.150159292588
-24.053595055828055
-445.2372127325175
-198.356059547863
-207.62129102449444
796.7098704446904
1054.9973326923682
-872.6892568885673
436.0587262271125
-358.72283186037953
655.4804140353726
711.7828829711846
-80.38520667937799
-185.8658069513449
-424.92124734877166
-200.77882582565383
329.587355334549
-550.9237510728753
840.4000038667291
410.73141946493405
-47.48647229631848
477.79668862177243
528.7434262216123
437.6327869602818
304.29149588388884
105.82973425284823
-178.89498312031495
-470.0296694849446
126.5700377727033
60.67212044341787
177.94314719944197
-23.459480754315052
-238.77765774835373
530.7144236498433
892.7013023071111
278.2208907377945
-585.6166754016665
-107.38737077021537
1001.5492566221343
732.8589781712328
74.14485743338821
-142.1816472159158
-119.22658818247908
727.0338017319186
8.384943571103548
-305.5638369333391
-294.2806315649111
-470.0867079130177
-155.8326483812396
-3.211508795545541
613.1095168577981
1526.7359222865912
538.625178292421
844.6672164376099
546.1160933857254
583.5498821470899
142.19181592143562
350.333273161527
2101.3291843499187
104.33952827816685
1817.0263808134805
1588.072667065599
1018.1892180235808
-230.15229849868163
527.9087847595915
430.902491146766
-24.748116630901947
312.47414278659926
-326.80897132859593
-575.4026420437838
-345.467273781743
564.6341409270436
203.95518562415157
-681.9159093094225
-186.35563901274935
-946.7846656478758
948.9616137068671
206.36153744338543
-226.27855286914897
368.83641282579134
158.5180993151389
-47.62209347989426
-111.19832623680242
-137.8896724811113
1340.0832482260898
-197.95907785734067
-72.79552212867665
-222.88602224680199
-879.9804064518268
-458.2402497399955
689.1264025134707
-350.5481890155867
-499.56741043344016
-398.48463396898603
853.6225978924281
34.320010200236425
-168.97444071650236
1034.7037351884378
-185.73168605312438
45.67159765624979
-549.182095186048
-383.79658914641004
78.47019559348158
-142.78892343738627
-24.83667068071489
45.45212054222958
-236.24589934047742
-85.23649439511907
-151.8801119381805
245.74373631769913
-221.9519272746674
-54.89187355801872
-30.148984608243232
1009.7479279455127
175.09174871424295
607.620306732768
1089.1333208767564
-431.2840450396951
180.48391661081558
368.0647241421085
1118.4517381614728
112.82019780251429
-159.4529134107741
-9.98193745038229
1450.9860248089108
181.90804732183307
373.441176889232
409.0013075118821
-88.36861843043674
240.6698625781629
492.5327988597468
-59.62138112769128
644.670999117668
-345.36434840662736
123.50242887176253
-200.95792797065718
-15.594658911488096
-174.5508036422438
-186.37634915654172
-394.70384719762296
-43.560642723483866
-185.77447347247698
916.3765624771639
-320.9281367099871
-60.9118665322832
457.46916083371684
429.0936163617158
279.56057609052584
294.95319478976614
2039.1418206299118
-236.07391085623453
-130.05600080869237
-135.9750636058654
872.4497406068836
-85.05556655090533
95.29046583708518
-270.2282799246149
1011.3593956881826
-368.8001685521869
463.3657945689307
1046.257212841976
-326.7828791977338
-450.96787582000377
862.0867609375314
-63.026805659454176
-134.87972162008668
-157.11399268644098
-177.13787933035354
-338.41952530092
73.41859504202358
106.16660743270432
84.08085898632612
36.22205240192042
778.8713319965907
-719.9402144721845
415.06317191998846
51.864191334425755
-847.1475878642092
263.9756645854656
37.46366883233419
184.72934244251104
635.4920281870911
40.51441294348123
341.81804063995276
3832.7189476821254
-120.14994719501006
-252.84310876207965
-73.21581389384252
596.1970071330155
-10.996534877839025
166.810033511109
205.17908586310477
-410.5958245076298
-304.6630516514454
208.97075981705302
911.0120386914655
31.655729102967896
-15.016622959067732
-566.9041451123481
1793.7998142233023
1079.9777715260966
-848.4233976574297
156.3997349094791
-132.11294756185356
-511.31568370441227
202.04533121841575
-316.33148160211556
-568.785470973112
-514.6955048779262
2376.962036580452
101.5833643250125
-70.04000495886109
-43.343195279286604
1327.399719227788
1668.9222779273828
182.7939966890351
111.95259828919376
-726.0421467099914
-570.6709908500794
-271.3501032688804
1851.6355246879748
-15.149257078903076
260.3199478335346
745.7527959046524
-563.3640020682872
631.3796203277191
-206.86798076235533
-208.79919150946145
243.87604747973074
-303.18749802277136
138.19386715467496
2858.3610719623975
1022.5692693184461
52.09352716496477
168.87342644749873
-72.62890083962364
253.9723170057054
-66.83597975694751
-182.6140313350087
12.9109904309841
300.33498068380266
-431.72699391962317
-59.23580506654676
32.140803581722366
-363.16018413609686
-207.9082064886653
-557.4908786499218
-382.53467689353863
-84.29818789871366
24.869851420386894
-107.11098978768914
1630.6330561520158
-173.976658635464
-434.6108495428357
-526.3816601980105
-326.3531809889644
-857.9217614827595
-370.0433256964595
1611.025438365832
116.20185879034429
240.54531790224553
1483.0118697373327
-57.083498685347664
-43.59366491246897
-149.6703701655161
-248.69584642120535
-460.3697268169641
469.3094968755771
-371.68867898984587
189.02620665577388
419.38598774698426
-972.8818705555597
-368.7739369858935
-252.27137537633723
6152.186382691363
-239.46177901856842
1795.984661197711
-6.258916298454864
-345.72935771955684
84.7143476373096
462.13174600657476
-187.7077243753563
715.9122954187534
6.201144780075339
253.4366566610882
-567.5496990975892
15.613744938093589
-400.8260346829655
-251.7005424654988
-127.88209484476303
630.9197818739333
554.8418306913761
-17.536662725454235
-837.111261906515
326.6600442243299
-31.66968600911501
433.3320969384122
94.43306169401296
-466.6353624963674
193.60403048284104
-198.41962068750001
1247.7440090601553
266.06922636186493
361.66454232931943
-37.23678900324913
2198.6377896402737
-217.73231941221096
814.002260686467
-68.1200082344429
-302.2820651821405
263.3320454795521
791.436193693958
-295.0322383049726
1024.7689199581596
0.05641469316880432
102.41359993837537
221.9598310669062
-316.9668438659613
134.01238392712975
152.54755585294532
608.7477975391015
319.1580682466213
93.61696072482786
503.36430110940296
151.67683733575834
-103.99990488432383
-168.589988174865
4.497347279023302
1652.3138913934376
-185.50163948314693
-168.26223974649912
358.61432279942744
-355.8240249553205
-96.73522639396622
-79.2305885078614
3406.2291281852317
36.16178431811154
-242.43001178287676
-184.35047143094604
-343.7798869901951
118.54248916977326
-139.94110322502092
2274.673268758316
199.2086373796733
124.0993845212434
51.925653043330584
-374.5279766845589
221.62245869846004
-116.97364018047679
-113.64441303148871
-716.767144544258
199.08992477601691
125.86402215299793
-110.05303042903044
324.4402394901112
-118.97346070308632
-170.6385651015062
546.3919918641249
25.47131057361794
-440.80973329347705
-320.714219133398
-315.9143532827479
-336.68263695852755
-49.31627265593308
76.3449646009123
115.33297437120936
217.88105048684412
420.6963738926571
1413.201824833222
-270.28465215671724
-202.01693814900165
5.552114273352544
1092.555207726145
871.8683434679173
71.03619873314892
824.8139889507814
-91.49409484941272
-87.93290861358275
3682.316503917467
760.2565925929624
-577.5037413385671
-209.89166878752286
-66.44016274099255
-152.7779806364432
-325.87806570857657
557.1690152444172
-168.31077710782063
-238.16056351634623
-448.15819470548223
694.0091069793973
1203.9437712353356
-13.098254729150227
30.536644118435817
-488.2156037707542
-168.5727676666055
-179.91364538762218
-334.37498877318865
49.08983181860458
-3.991143032345107
43.32088915148333
128.86315614447403
-78.16252933901083
49.695044059361464
-318.327125857505
1403.8318471291605
-423.6030713118695
347.74656641091946
-507.1394384250008
-37.02470545797871
136.46033136694956
-345.24547280705445
-14.527515669537578
1237.1407613606189
2203.2622275730932
2141.0165496446266
1425.998869610305
107.72394317732656
-543.9978686969794
-276.6433616823717
-335.99431712917954
-571.2884996910994
140.26792114217005
691.3093380620803
-35.79086464706816
359.22521131995734
-121.6401210308217
791.985459988167
8.883896301420364
-185.00149702220446
2697.0149824721766
-247.81483365645408
-161.48617152659077
499.17536027818505
31.48168674868809
414.5238345953626
403.2127349578137
212.63417653852775
-479.3383454439703
-67.55085814365069
-566.5309729633183
160.35513002044098
-396.7486709069949
973.4161299621475
25.502324111259753
278.2232136054164
-221.68911596437596
83.03298408956095
2045.287393943946
-738.2064599998765
167.2062477892976
-424.84892675471747
4.984473305753141
1128.5539865465812
784.1858625348017
-10.923899478718624
2016.292866604238
-341.2253578241559
-875.2247923895549
-499.4142203276137
179.6671735142167
105.05016863464343
530.6879748889306
362.69297271159314
384.6287078787358
-1023.3894534123158
947.8728505030837
1913.7059702180468
-560.5379939954117
4189.331806216445
558.5724246908667
6.6399953053714285
140.75927012537522
1156.3069703795459
-234.66428342535266
45.471753751942
11.38294861515314
30.2988542564604
719.4111177447243
154.2019179913255
-882.1527136151385
128.00016886354632
-11.182883118350603
-18.918263090014207
581.6784675933451
216.77253498606257
104.24249914485335
-124.03768736430223
285.76185678969483
16.61990525782673
1004.9394794601045
-421.78649174419525
485.6544077886091
458.07683300482995
438.3617298307654
42.88610594782912
-726.7901812026755
-187.29026466421624
-215.5419949945575
-181.6066443579441
-363.75360184165805
428.36820393254243
877.1791025151031
3.3750775492341063
-97.866120173892
-54.063271034261106
-433.4542764199182
374.8873651777982
246.3203133683259
46.14889429291591
133.7182914423342
259.5293039199953
1189.3452959850224
77.65866334915194
-457.4012395357653
823.650740328036
-260.0580678998472
1245.4880165386703
-150.6958310817783
65.59941045154363
135.7663676112009
-91.89651967014152
1783.8133952473968
-329.14545024195115
152.1296005250439
647.9459687131377
-458.71373637190794
124.01905276125154
161.54048261658448
-387.9292187779073
2665.726290909479
23.413926989644395
-258.2579273456699
-563.0175926320611
1295.8700543642171
-520.8387895814647
-510.1891909607484
-137.79930937652972
-236.05987050108212
24.2452516914868
256.93544662224923
-19.566729192823118
-737.499094276071
-140.64190927423596
203.9570833380282
88.33684833881
-81.20465276904804
686.259495390611
-356.0822934187398
88.97547191940532
-421.4311547410391
-132.57887156648627
153.06560115995754
-627.8518266906244
-114.24042446294698
-527.3623004301586
1059.113725692911
-213.56762801950072
-374.3215000314681
156.3983646410517
144.38812450516122
434.3347162053618
271.7261958444232
1307.255400843173
315.681649920792
-106.32924481403555
-454.8197890298787
990.5410395540144
-363.3645572879328
92.46276275521205
-125.87118859598007
1221.4639992200741
977.0440266088782
313.67000595308235
-404.63191722577074
835.9329980041497
228.6370908540905
-279.68851639784646
-40.82420289022757
3241.3771617551683
3574.796134870926
143.1723067296252
-453.50550245139823
774.1570034056138
852.9244674949074
-96.09917424894388
-517.5712607787573
1666.4398437742557
27.89761279071314
-179.6774913636892
251.51281887968628
-332.42534282071676
-337.89453445618545
591.8866227215574
-611.013338875318
-75.13995588404794
251.86755778065293
-158.4102287697447
-269.2343382233337
1681.2307326730465
13.033226725730572
-487.14028094127264
68.02771008376124
-187.68300751539024
12.23700175718676
995.6518833796305
598.5071851316688
-313.87454741169125
-94.02832209138649
79.05831373420676
-87.6846633138305
336.9271408356075
-265.25034138071516
-223.25447725066695
112.09100163371872
-124.85819932861317
-148.3020072100983
-48.55387867582161
1620.734459087514
299.1328895710426
-170.6959933991239
-87.15540460777822
1.3792924736957275
-265.1814553541987
-503.9096089396609
266.49543220165873
168.33449336072124
-175.18392999350158
-109.5104721173281
-382.3661245095096
95.03978395607501
-134.96272950658795
-3.647206998494994
-555.4709395012464
1497.4486442446519
122.8460076584314
2728.415916874641
125.21926231199473
334.6268217566426
-306.940807531742
-32.27049093112141
1603.077052160454
1480.9585597330133
2083.611845625185
1028.9781641996333
-760.818881694338
-227.36790899184044
-15.824237941269331
-154.12258766004888
384.6121605950038
-573.6413622251257
40.13662375076245
-200.61567429664152
1032.2357369459369
-206.88242547211718
89.58056634974295
-11.19102903675298
-511.8872421421145
-155.75988101556652
325.05549987271365
647.7626517006026
1833.2195988215071
193.10051539213225
-19.00219729848736
147.01425201009206
-90.53916671642051
-450.5429549062394
-6.961412177450484
-111.80568450186853
-336.8915228171502
-64.40951434033016
1082.7562715657996
4947.631586327066
29.42025137694054
559.9987697875066
-37.43172960211825
-177.4288337115035
233.11909185622642
419.82518089929425
-43.42186564247557
-199.7495884037731
279.0437182284362
120.32690077626029
68.19353883933857
591.6103814885075
252.25656990741936
-199.8160081650312
319.6223599702737
-10.114075528252997
282.91112925846306
-329.97221627762565
629.3852734622604
140.83865232604043
38.121088168687564
85.16910317503721
83.73679390094475
1563.2145380146394
432.06176328373135
96.4601621419439
-704.9701994003462
83.32459723108701
670.90712075821
-123.26614596403586
-221.60614299682922
194.89454212199894
1163.9820640209768
-102.6410961936137
558.3456095490221
-63.55302841157254
153.6123188117694
-452.4887726294778
1093.324254167228
-135.0082496776529
-808.6633874831531
-551.615725299782
166.2873667972559
328.6547892041856
-67.44160334942445
415.0686658903755
758.9273349304651
-489.5591091479893
389.3930231972479
-102.18883499613501
38.41339785653456
-288.9531927479244
32.174981953078586
-499.7557204726602
249.49491641984753
15.73841948672549
-472.2368220907898
-49.871672215090115
546.4863320892842
-63.81267049604938
-350.0017838973623
327.8813307714384
-241.94425906324355
767.0278434182392
-317.1685913520307
97.75750797397015
-793.6308297332262
1001.3675434935191
2253.9457447386512
1103.3287255907617
235.41297566772408
-274.5146634705708
-469.5845744512049
81.35489022437216
1374.9388562309268
145.42267889289332
-98.67862673767455
3.0782986505546432
181.32396311995046
27.037121474512276
356.78801418459625
47.44592930749815
229.1764372126309
356.801317173109
75.61122501474634
417.1477339680075
402.01425904871763
-260.0763471022017
221.97461675905134
-136.03511924892297
-288.1048464229589
1119.132603699008
-500.06256007980437
1020.1420293206132
289.7683515840055
1709.1467934653197
-261.1871828933956
145.9586506999288
1136.5917141883588
48.100545363563526
667.3477449994003
1245.8442695233753
1949.1095758902443
-339.9135618958633
35.875395548462734
313.64769096449544
494.6225021805741
286.6133946725994
-228.6837928401671
321.52274385822517
-315.75715919859647
-479.3631523262122
-229.95533147271846
176.8380794055986
-110.05525820845455
-239.82181831627983
-84.2730555997886
336.7209351440131
177.63752060423735
25.975371253137638
-616.5177602706725
602.9792223672123
-492.0209194161819
710.8953702624187
336.21046564432527
22.887804339859258
318.8577075569966
-751.7685745049299
384.36579702304743
-435.71296952670065
-245.7517119409359
-426.904078912047
-84.57837613045197
-261.4354352570713
-732.8331019884573
129.729722587564
-273.1222008414762
-221.60614299682922
-46.66012922839545
503.26497732019664
-398.9625439478665
201.7941101150746
221.36831072464344
-618.6101706235161
-176.3374700443617
1559.5310165260366
-598.4420864001595
-315.0866577750205
-478.7150137135118
85.52284447552913
411.73770691000806
639.371931883995
224.22069400312546
738.8851901870687
-130.1835377485372
252.8860320943469
1217.402556291367
-401.20673414243686
120.10965904131416
228.90734484787595
1036.675487455721
189.9559411011167
-11.678198239198522
-584.792301901252
-262.841223046902
-331.5599291181742
155.7741731907892
86.17766756769825
-548.677244569586
1732.4173835785145
399.76193994200025
-425.6804273817625
534.9227556458178
-21.58783743763084
-272.40126409399704
55.03310294630904
2.6387431250363846
-565.0627598967621
-267.6388196317655
-126.16791851398145
356.34602879744125
952.8181361366306
53.883419074735
252.91704484631953
1409.1480316350612
-740.0208815147039
-113.95919420069481
-93.81673961092793
-84.28765934360507
-148.6549454291318
-647.2031486772709
-405.2616128778646
-164.5933806161618
-46.05190919581342
333.01383161928095
-122.9118823569064
-136.47774230097832
1158.011042861293
-582.732181399735
530.2561310226132
-260.6534322481899
-284.63866530035045
438.64500634495516
-171.84574293804363
-86.32030797953902
-229.97263700388524
-17.00000648881158
-321.46036602242987
69.06124378218567
733.5267601598097
-184.96137582908818
-406.10887912490296
440.78318877526726
857.1098028434586
649.0779663727888
-105.79316017441977
1401.2100414645402
377.13313594530473
-144.1482548264382
-215.635294637318
-11.616650989794095
609.2797787248171
-72.70444236017612
9.24713348923214
112.41391286603607
-296.13725741673414
-110.73912228013194
-249.32500152821888
733.7370863855396
-266.5739832119323
-34.56350315879672
-217.25165500590947
178.66311261341144
-716.8488072038915
-143.51561301986
-9.75838521260016
453.0050621687541
393.1905038773049
172.3803166709609
130.8230399495206
173.20310844993298
-671.2957375582997
376.01010669356003
487.1007107775555
-1314.4402819316292
-182.05841579012542
-379.0021816263949
6492.5809775112475
-229.74451499042488
-107.79628713016741
1939.559060219222
-180.60293891992634
3399.558287418398
564.8699980081129
-54.31702042989669
-796.2907794586176
2454.525041580488
221.10460422039762
-77.26496129486868
394.93726642708083
178.7394997020109
607.9150090826358
-68.41730698818607
116.72511536080353
2922.5306657140522
596.3197562253946
-261.4209641200276
513.6789329705821
-751.0077245708604
735.3943462570729
-192.308240591771
245.79862061272672
-537.1621725221121
40.74148844540821
-514.984038638793
301.22401473844286
26.64165033949189
138.0478760817969
-317.86844910174625
-489.546318826767
74.43074297901012
-166.1266807628582
1059.6149028465834
-70.94391592125791
42.05672119758867
-188.94030620632424
-333.57693816460363
-89.9801912042006
2328.1148929034102
111.85247791567463
-90.2132750936666
1291.7710275239178
467.54917992387846
-504.12853513680733
407.25345395596565
83.75163931509672
-177.12612759711783
1061.1365470149453
813.6904209730573
3919.850144568897
210.8368061037778
224.01956766153177
-15.431009600747586
-407.8879037060282
385.58016393107596
-91.39808918482072
138.18718963523568
-716.4387543916841
-612.8230783648117
895.8885999232987
-545.2880586219708
-208.8745770775215
325.1647764572838
-80.727640265817
173.22934691891578
310.85164526510493
-128.48001147519943
27.430461089677692
-222.37163656752534
752.671278310176
78.40616751509637
240.85535395319727
750.2215574768255
-371.6508052664627
3197.4547006651887
-391.99576497483685
-9.841027458661443
204.87900682917825
87.58823513533949
93.57379449153862
-1188.3583928976736
929.5868583364138
564.8731279128571
-627.9254880073299
219.58855854267392
-210.61478779754515
12.061782702382018
-235.47166359482372
193.322649404373
-612.5912754098047
-22.23378503455254
3.654584749946224
160.49856397981983
733.0450121315366
333.2102794947398
114.1188726549749
-492.127499534597
418.8283626135213
434.64977309754215
1263.1104749431897
-127.81744702634654
1109.8321046257947
86.99064052969521
-472.26903657470945
54.772225443996945
-285.06347177898044
331.76146202161567
-676.6188964552315
-594.4604252399919
21.427562134111838
1568.106546867807
-465.8065820908723
-586.2053896259683
333.93115599621365
411.0250516253119
865.8254556374976
-77.73989854689057
-247.75358928143936
124.56846200161601
-31.581172522269704
245.34027818431144
-35.463969054041044
101.06475515192722
-662.1027981795129
72.45902255821315
92.14023183290402
219.4564556802173
67.461730480048
-41.233448043005325
-205.0492114348934
-169.55162235746994
1975.3930330288258
590.785469066317
-334.3355210142606
-298.71627319197546
200.94442580235858
252.84242471243778
1421.381922532526
635.6991304296089
96.6611321875099
-153.00441851855473
-213.9779056373899
-553.1813277994703
983.4510854399842
-52.56983723049095
-1719.902481351668
534.6212958594975
-423.7921398590509
-122.73369844491785
-404.9444523847268
-250.79862917304575
113.67925575408
-245.44881525578916
-283.8666130765365
-185.81868626136145
920.6478891044773
-12.846552847124826
-192.32035617670724
320.7034361152081
154.4754927608376
-1512.3221600274678
330.7229394353285
635.1244259809222
221.3841966343042
-329.4280425874669
-590.2680188100358
506.67518700839366
-521.2764384248039
80.86637383617264
-374.15332117926516
192.10033374714266
-198.64474593021063
3542.618684158337
300.16265435875164
-39.9952162925319
373.49754132309766
1014.0622200630531
727.5506678574525
-202.67546489022743
-344.48689012375775
396.09884503673925
-103.96317666826162
-88.37334466215987
-170.21278040953496
-98.22855567053546
1239.5575599783447
780.4355706242246
-407.38689962640586
96.8969708654804
86.2239300632672
812.6423780511223
-0.9492606692217862
1138.6850887649325
-140.14143036639607
357.53057525704185
-475.59897527047707
-830.2291429909783
147.02877582460417
-975.4253143380911
-92.5354565138372
-158.19304919551436
-209.64197067857407
549.9113661209265
-315.83936080353703
533.0039404550993
522.764132099182
-392.03636801084554
126.95181786930553
537.4162107838787
1911.6724747778403
-131.26035057239767
668.9890228342855
-372.56870343346924
75.78493891623765
124.5172302578336
1426.5352974690986
-272.2738699028506
1608.7850905640844
1622.6478020327013
489.845669605082
64.4314089095046
-296.4256567278468
363.7374296172334
-26.458897924599142
229.60660627704334
760.3283165619507
287.91134762737636
128.16556150509842
-310.32542505498293
463.5141325657504
-18.62656090846579
389.8549946585474
870.1743543024122
-727.9468362800432
510.9513007622792
-60.387549135609845
277.530673873755
-250.62955379809802
62.303250749670156
-211.46518205758787
-123.07911989198625
1.3996077690141107
607.3567138742044
764.1164357457859
-254.98925363373203
165.01283004729186
-307.9560910275484
-242.59412244775908
1054.6537169144121
607.8576596606995
-483.20510551775385
-132.52819384526907
610.0806608077294
11.28443903500083
-151.25597535942654
1035.1320765300093
-164.74071053260312
69.90045951665121
-184.50631553306442
-410.5134411690128
-976.06492920574
167.7602483179425
2179.647327595218
-137.61256277886224
-235.8058178149949
-364.44564975669965
434.92286983254655
127.44503764912844
79.88639824640148
-31.36033231132285
51.068619280528424
236.88951350824232
54.295132699856964
326.2829433613308
365.6899895033313
-130.90371350415842
-650.0099681778128
-40.82422766824348
28.701612672607666
-197.66868131195088
78.63321523850374
364.3740782104167
612.312628085355
-235.57239955054547
-148.099527832447
2636.6286279161027
604.7239036611844
-360.34497400568745
-527.8184582137895
127.80189727197896
-477.37976929704166
-460.11910856767736
104.92915461866352
-271.898831828186
1010.5391875597498
-257.9733402594179
617.5583130459814
702.8854620818252
-235.3838829305092
200.57208727344312
-128.32050029169756
-285.1063002581734
-439.21500029925187
489.10271137305585
-251.19077321340728
-7.364714590971573
17.806335488002887
-398.4246881263394
-145.54043149309513
12.74699746066426
2091.485056581341
794.3160552835899
-548.8312208096343
-991.5067054059658
-627.6537689362212
-678.3156529796869
-672.9084530169479
2172.2113662985166
-120.15996319475448
-786.9309179219039
242.83829212931732
170.84793118874376
-369.49367661100655
-294.3296961999862
163.89638511223353
-786.2503704434159
-254.19575314285572
-17.872041224123166
167.99500244826027
237.69004444692433
83.13368961977648
87.5699582202709
-284.2714196203139
164.56808740682948
378.27340460021543
-254.11558608755686
173.43036534931048
-52.801462663106946
41.44525239373306
161.67219296948147
-31.562972773471586
769.5105732962454
579.5737577569669
325.0257536653747
-394.79308336741695
-55.316430029068414
-517.0841524848602
1412.648430831705
-737.2806391848013
-28.51122096367702
-223.92048392425295
255.83282716502015
145.11488989428526
389.0928509567876
69.35407456859099
44.818564990008184
2211.536849849111
-177.15940906974663
-66.85825396618134
-582.2230768286631
1075.7991269556837
-379.599009214558
267.2293528701276
1023.2840570892146
158.47430438041718
-460.58745038101046
612.2276020697142
1277.3129938214288
-217.81152608351124
348.02759904302854
-751.2643775103049
-283.14154874032386
-137.88037781045495
702.4441101419404
185.46454639666325
356.1063569967637
61.59264460959366
-598.6286781217036
-215.49258697734945
36.42214946982911
-67.71731449449837
-34.09651301992818
423.0592402778408
-315.0738402929644
1802.1168320328725
-142.6647836345059
-214.68769952017152
-30.526133178451005
409.4525374344813
575.0847153570425
-218.25355333170177
-141.15915872306343
361.0446119001346
1009.2664122868924
-196.42947729570616
-481.6797156971684
-400.2981655254279
8.953324476021592
-44.166530000721195
212.31918164942851
16.026571879510158
116.50423867370912
-157.69817360174966
-67.36408035482206
-64.53556182502736
93.72186573573609
2592.1976468568705
-285.93991403039905
277.2697539572717
919.7193271633711
487.64697468608335
-311.02145946933075
-36.36591783385191
87.39510513847381
221.2452311627215
226.80604412146272
393.19116745064025
-445.80107684724476
-261.6313331278519
-600.4223542454255
-227.75798927580342
-225.67348960819953
5.667983932266338
243.6010175983111
-261.7696512408362
558.6002915120481
-96.7775754468846
-351.00110680609436
-307.6322302095098
-34.50410363725693
443.5551708005495
-201.95460255940358
5.259164527665263
-255.07703041249357
456.95507447357886
408.49487385541704
-63.717628709569226
-409.9273305323911
87.3183487750506
499.99736842053903
199.7567790536997
-600.1348801549908
-357.95846775904124
-446.7728156948508
120.18165070966168
-46.886801703382545
-125.30577374618242
259.9726596038773
-293.2766676554719
135.92683684765476
-290.1863174408254
18.20183464183053
-542.4686154396504
42.473598883980515
210.12108923342464
-320.38745848369365
833.5129682243522
303.4545128127709
5.598427976053529
95.3380547323753
627.3205303049906
-113.22490225433474
63.538282105590895
1548.5839392227058
83.04727976793913
34.14319814767589
-157.93622830137258
-14.506022487227469
-637.1454267588398
1464.4953131433717
162.0206832522859
-162.1934514458356
203.70670161432264
-318.9019347326879
-325.58636563602613
-479.4303704029187
-125.98689813551199
-281.91429432704405
270.56916478165414
-154.9846593399915
304.00956326921363
2438.2375579786817
83.99748502800264
372.720174307097
-52.21934940015014
775.9376719519506
-572.2432122237859
579.8983824544691
857.6199360969279
551.2208714286852
-474.3249506501766
-285.9815634866028
-408.5690638957567
286.53998143090007
-64.34468415719995
-11.541610085070786
-23.68204946643523
-43.35910437995895
-752.3502645913219
35.178503893453865
191.49071048490032
-19.817095907707497
361.269269892937
291.83602243500786
652.6485787277451
816.3060701875116
168.38479008806337
646.0610582330434
40.44006049740699
135.08574162128684
66.42976347687477
295.3307952606448
-552.7923326981755
11.252865216849074
-492.12971937267605
147.67079080737824
3840.694093975347
493.21851961114146
-278.5271676951178
-353.2561663410574
22.812318583990503
512.3004812946998
-572.2662800847254
-428.67624715968856
555.0636960179603
-49.24222250866391
149.8889915223558
600.8582786118776
104.40655173246378
507.3000008562457
2005.3507320249605
1196.2493748407246
-149.53676501887293
17.92483928904126
337.39382642482366
-429.5576167191399
233.69122397491827
78.18573121540587
1571.7108027596946
-101.83155009999552
-176.4081880609258
-174.48204795490665
96.44602993931593
115.25697872875293
-45.13442546722101
26.454458944669057
-18.56343996464409
480.37466584844026
671.196142163092
308.43679744246543
-354.53697850406667
298.1140933780717
-236.38856436834493
-864.2778745913953
26.784340995057775
214.5407161606385
521.9177983430428
163.0568567557176
-131.24850965469957
-445.6608982085214
-188.4470761420658
-320.5828934046319
-732.8292231465462
-230.27080808228754
-209.4302900774784
-443.642854618052
-166.4751588992463
-55.732713864927646
-712.9201777432452
869.6714737304688
647.1457562628962
-204.2867849914186
-107.59809013263235
-278.1727247190928
28.305960707305488
-204.4813594089174
-105.66215230766468
169.0896267630486
-281.9863651593271
217.45989324814462
-279.0830729242798
-130.0719602461736
163.35224583905043
262.6304011532255
-254.47452505187724
1367.384308561066
-176.82384019260832
84.13290062677339
3118.763276440527
-39.40568478285762
1456.8005172922153
516.9800907349797
-4.116995608147761
-265.71135337807095
1147.5104340342737
-203.99726667005407
83.16004912418197
-96.94339486079113
-380.43999582508536
-135.1115952882818
216.28948546555404
-600.5760747122821
658.8224188720952
110.70250003021312
228.3013590998462
-155.46094140771692
-91.37019489882076
-271.84563703224063
159.31800244896164
-347.58225970221906
543.181174588441
-378.84405160634407
48.79127431277442
-727.8698111894798
174.1176355002246
322.11814696897363
168.29672086178095
290.82567480632457
742.7487762044149
1125.0321014150936
-553.1946638974343
74.00647358301927
-564.4270261800264
-65.12395872810418
304.5198553048092
-121.31301116599906
-608.4616193189954
-236.06784295016172
202.93967307410162
1583.8502521431192
-333.99374702307716
49.544270686699775
-417.78028734863426
59.03078620678258
-59.705184501857204
-431.7977317779427
885.4014322001346
3.868750435038052
295.0444310838925
-558.619909345107
290.24292243270173
70.79204339988001
511.66064982822877
-268.6636198800162
-249.52078418050974
-259.1121282001632
-396.68437914987527
427.6670623070904
1027.1038412359076
271.8923380771626
738.7019098334256
69.83156610808771
91.56370685167596
-303.1741937291139
160.90396597923655
-180.45648165188945
-293.3687916060521
514.4891353475404
-212.12980856539883
-176.74022483936832
933.2900018884177
-379.819043037605
526.6537003406038
975.6727129069828
13.948841651334646
257.17233803792845
-131.86865490921525
156.79567642375793
-364.9878951038851
-289.71338060655665
-174.6505566183174
-6.315795260636776
247.26626967734967
492.011910882257
-168.46714683993582
51.70745678433505
1658.9937579144912
-565.7207038907834
285.5260209195165
1137.1642349817535
1340.3945179095062
-217.9957577181269
755.1202998434562
143.94951321759817
-370.6877372526883
140.51863408962623
702.718148450084
245.8048086284939
-264.43351068120216
38.27580771720683
1168.5812251453076
1012.4540659082303
845.6208711936407
-326.6421177335293
-174.57058438717218
20.96394634657726
19.17695151847343
47.046539328197326
703.5372497402608
2339.4873253731735
18.845883041605674
1001.2016480352469
164.99544671748072
-221.32523722969205
-384.35553722390705
-73.04077677574452
-702.2081502441673
506.533066626076
-248.15226055360574
520.8982525960492
-400.23624156393583
249.16799379804144
660.7572057196109
2780.6115618352715
324.06329412720146
-71.94955660953957
887.4863781635776
-454.9047116708104
449.04871397618797
99.96164092666612
-265.22448070378186
820.8937051092614
-298.18171917909683
-110.54013141606964
-238.72272899891158
-19.132556108253283
829.7522842105087
-103.50796703994293
-359.12310011572373
-176.59397384386796
135.64517054780146
352.05540215491965
144.17121077427407
1725.7271419005588
213.79574176180438
-309.96935956840207
-388.5721484464045
-8.875083084659082
860.5606474061905
-508.72672370468564
37.14659305303576
482.95774323226726
-187.90346468176023
-8.875083084659082
-272.34204192278276
-132.5895484063024
310.84787947159805
146.70022869488687
-101.40463585682403
-194.94783787615313
463.47446657968374
1166.3588792227683
-166.27652999513623
206.769684107923
244.1216366714999
691.9741137135875
44.6081570828664
-8.875083084659082
315.81522216066594
202.3209536255742
33.67319690731432
62.13123773728324
-538.6812436330579
595.1089219796329
-500.63384331139594
-89.61550963816025
-3.625946702548788
40.69994780392807
-67.6544910840282
23.11220188753883
632.1123602449167
-85.79414372115122
-360.73272969352536
-182.6082404664325
188.41718933045638
653.101771539423
211.21380158059418
-173.51285195431194
-383.9107829070334
389.3712431349723
702.5083190125282
-114.06875335841222
-315.39389678794464
-32.488819383274574
-323.9984022572803
-324.6883345714813
245.62823508663553
99.44332569531446
-406.3959843395442
-36.92063490439387
-260.75257723989023
-560.965687130838
169.13062288294066
-155.37204446504313
490.3253252823504
-148.29028369209874
398.14725623124923
288.61270681319974
686.2896295678972
136.17411989336324
-612.5089265881852
-18.07482187400052
-136.2716767393342
-200.79469970172994
-255.66959753929038
663.2398730532922
110.46691614226481
448.33075157385804
2174.991046908404
122.24911382091597
-399.1137203629517
-326.88603409510654
708.7837956873692
450.6856977859858
-273.5418018306708
412.00401957979784
1666.6235795013736
-65.78972442987906
1939.2901882208007
3.7194311114631233
478.8854063224163
510.127625611212
64.89556007919268
-65.60904515041612
748.283064701921
592.5910391827542
250.51786953461482
179.3027140727968
-167.0664057790325
842.2313865658654
78.55623315688362
-598.0946397362836
90.75089386587209
-287.2037953571416
807.4945957117907
-356.7659940120908
-219.81643235298213
381.1856808706616
-334.58283852070133
-167.34575418771712
-113.29347307509055
-206.41907933664143
-249.77384114406541
710.4859664516708
-192.3877881507467
340.4010535021215
227.78154679110418
-479.50927762187507
22.395934079537014
841.9198919968452
90.24363584191457
-469.3228455945103
-433.0918152912234
4850.47262219837
-22.59464978670718
351.67261801119736
-67.62447251675184
-239.45475842327096
-143.66817757269587
429.56078696769134
65.47082236471937
357.3381349878607
342.52096199292424
-107.71525660642021
239.9678750286909
133.111358854154
15.974534737177521
781.3856554236381
-628.0023429581842
-94.54854654014606
703.0684563685294
-28.827271785002026
-220.45415488242853
-140.41861262488678
-509.36465353224713
4.589060518040839
-114.55725989745484
-535.8406226309472
115.87816325218998
277.14538261321246
166.25378691566937
258.77030773248583
146.96387432718086
-103.29857797269015
127.80752840922858
389.69349721099286
346.0961676465534
263.7534805394291
-234.2233517565479
1815.6842239858647
-72.34323851421561
232.1173276902764
-111.9807561637613
-274.91607256567795
227.24072255029705
167.22405873761548
-89.37068558046691
232.93542336633988
-40.67873435281365
-57.666362414373594
-721.5854406054439
143.8830289467975
-188.55111088048966
238.30038111975716
-3.5183240162672718
-17.39046558414664
-14.424366079892224
-138.47120204328542
-85.72481012437282
33.98658289514667
202.77532732430586
-179.40005112848246
-77.59390313936149
-413.33420855200507
484.54728907360436
247.40064624653246
-271.66379482990385
1726.3466739430773
-298.83484490950497
390.6178554026638
827.0061990529176
-56.53926438668422
-408.7442907913706
26.530913989984953
370.33980540992746
-520.200911700443
-480.727312275451
1172.1264474290579
-108.7991665816736
16.093207157831927
413.8477491148269
-49.51917343213198
-78.44055240054932
685.2167818775974
-547.8299184097964
-188.03698996652128
-169.0319441503249
49.31335282510793
374.2631055248814
343.09843779351036
-223.6932517658904
5.06194572328053
-413.08994535201464
-254.57761646874428
492.6496888936837
-240.21067967286984
232.15665223381183
349.0881750751977
817.6116815171141
502.75711275635024
47.90105685633756
-190.21730100696016
-565.4656235828943
217.87452178840442
1133.5784722671178
699.3752987273082
-492.3544855827268
-201.57090503267736
1636.7994100895585
180.00437833208593
122.26633198909431
-202.18129643732334
336.1538985385206
588.3353634926369
3652.1343061586567
-326.1182410748902
-104.02127994436171
413.60589883947
77.41963951643365
-33.32946113303312
-122.3697877892302
979.3718968508775
107.55648484920323
-75.67498412851988
-258.6150879200344
-212.31380294468536
216.61245006730826
202.54603110507247
-266.6313716001814
-28.67272394448011
58.69859698590278
483.73503120705345
535.7329263006869
-330.78468041296867
-604.0673205582818
614.9388266794543
2377.9221048856252
112.87252076137008
228.36547554255435
-127.59238938043012
4545.870324833814
585.0460894196603
730.2816340659502
63.65556515622421
-120.0460011224292
515.2080916513871
-368.7739369858935
15.380593714335959
-142.6149337784064
245.81834823687552
93.9786987767011
-145.11015067826403
-73.48933195299396
408.7932552043078
55.98160956956576
1772.7143904019044
-359.1493581503905
250.39878192265314
286.6752194033251
-167.14345419287824
-148.59929440097613
624.613392715141
-151.51892398897576
285.2529546287201
507.62463515480147
22.570101490137716
-70.222322858418
-64.53387641781146
414.36986823301584
-557.9612417519236
-81.96503106678537
2407.3536105464814
2405.903635375057
-70.1140270062422
5321.301444832538
-320.4479790297157
494.251711306189
144.2650318002164
170.68904799196565
-254.82394483421473
-145.04516676768048
-593.105059503547
-897.8510739225487
584.5622433892945
-468.01959809217914
-352.1304479396934
246.0910405545206
-97.12208173786702
2076.063637899651
-20.53422117732316
-81.0281108792545
2894.5777598431214
-143.37307209785462
-234.8145026017491
67.73533816777712
-104.50815248858638
112.56768976642462
-195.31384406201036
622.8947682946147
-210.70262278236365
-250.07286489956957
-36.131101624087236
-46.128609495431476
-476.22446680139666
170.67307923248734
799.1014452748417
14.55816437743421
-306.5303000029925
1303.075766341904
753.0572859493353
186.8134683968218
-727.9202038434406
-45.1996508368099
196.17127372124986
-411.5046295625712
-8.875083084659082
-710.8740316259388
284.056850328063
-357.5949391893788
-300.32635203450303
-154.12474840929323
-344.80904764589144
-126.8083507284094
293.80023466392413
592.9225164978653
60.79765472750691
326.8392797252261
212.2826168318701
-462.10158856691197
-432.572864957343
226.41773466202375
-288.7153154792751
-328.13751066334936
318.878558371697
-29.58259519258506
-781.2691473077645
317.5351149176794
-17.935103796954536
592.774605368896
620.8305077942745
-9.711306306619122
237.55434996530187
169.13151118592975
551.2730158743175
17.030050254568337
1379.7053099984419
-121.3977977633067
206.53852946469374
-13.386480490578649
133.39097326759253
261.40221609799664
2324.006472349985
486.6364909289214
1783.6933314982111
-837.8469259648854
1892.9225748475965
61.41544460051625
-964.972222464093
-281.7800707967109
13.344754182255201
225.14778515635754
21.284328836279286
574.5841367948652
311.9355177250258
-397.5203750790815
417.25904338445343
-404.47024969780466
822.690401737779
90.22175438378594
385.4163692095799
-478.4381047703095
-454.5225546244062
404.95640040108503
7.283260367894826
234.66959712572128
-39.59518035408132
-114.93375782769021
-280.6593904854418
-169.02406827121615
-467.4974721402993
-48.14671466179885
-157.46921245926018
-314.13194672680777
-34.25114188901345
106.43560833642192
-278.0909928983502
187.45836974050144
-189.11008086296818
1350.604725373977
1665.2713037512926
246.40130483356
-117.11872790267014
1232.8733431036894
1118.0494399917784
23.703322190175925
1748.9963645826415
-96.77654168658052
-407.96569844118216
-198.8260915616757
-382.66801393967086
-26.552321027823886
997.9910183840292
-156.54431085911014
573.2943261484733
-109.50155711537123
130.75135134000266
-202.97599939146926
2420.4142727923067
-316.36042931669124
15.596128719061213
868.4410259092758
455.8639136676742
937.3052992179811
17.578370923478445
-110.11288009604733
-68.12316758145889
12.38204146862202
-254.12117535626476
532.6686819287464
-84.59088614186051
-20.045604429804058
-350.4304006339241
103.7121204657625
208.36555794668578
801.8629570421459
171.09686711612068
627.5503649822751
-56.14748406340132
114.55898849046434
350.39061418443316
-105.66456647355096
371.3936147990064
28.70427662964225
-182.47367957084242
80.81627854115604
21.09326208833963
74.6167848662607
-268.3905964771857
168.61485624265464
-152.01008916619247
143.17406500853804
-726.9953418305928
137.64380023354113
248.31649377005863
-378.017511144885
-188.00945734376762
225.7953013826483
151.67216106541053
-142.7389767269785
1474.3117841363605
764.7320804828186
-360.92034673121464
221.8806785058864
30.91350531384984
1608.7181077673476
-735.6533853826265
-326.45741561963746
-268.43210483842796
97.59194687585864
58.063742934130545
37.91954399677826
-674.7096248742081
-197.82797982758842
-101.08729402585419
-103.99414555171549
-207.6615494792869
51.91584575638066
-252.4044530814545
759.1541041651642
-550.8841110613306
-257.15088375701396
-195.37745340177077
-253.310318723865
-131.49536529874524
-195.99430501424803
-610.7825316920502
-619.8902776791515
247.29561667325657
409.7208360256774
127.08226163130263
696.5959210470102
-185.0010374554052
-88.14779143913121
698.5860353322976
2264.029844021437
507.0085679457741
323.36328085138405
104.36244284361217
406.31556685742873
862.3527762859907
6.616512004443052
-431.0213890844013
101.98774892296277
77.55232209110159
420.0599486924037
644.9279124129358
25.523599432824113
34.82874241791528
427.53253185142455
-202.68592071704444
1528.1798546661462
758.2942848465606
-521.6181475551626
15.379399423251215
-250.62006782101878
22.54951018537284
-20.36833801247532
450.18597023860127
48.28318442749091
-72.88356014077819
813.6469646265232
-184.93308129522083
98.67538847234027
36.41374761908342
-2.7911757861405135
28.309955808711663
-143.0962178025893
476.987084599672
251.48652356452197
-123.17388141196753
661.989520001186
102.3661944799893
371.60313516946593
-142.54310421851477
-176.82514460065826
142.43784457072152
420.3449076479792
2925.703806134021
36.596046202979934
6.7074283931235925
44.38762473347097
108.87151667657724
58.11680462781712
12.425981862784681
34.68552465241844
755.6467264545847
209.28950999169467
137.43253243354079
-203.77050191022443
270.7103616265646
214.96468935838095
361.458586678792
264.24933445173536
295.1861342673241
5213.188384571189
-34.11798624299252
1501.7642752487595
777.3695650117162
-292.7563928743609
-305.51654037464795
28.867539089835404
469.15852832709174
623.0622224009693
144.3100672303093
-310.05275576543374
249.4251269401434
-561.7244707024405
1180.6938635942588
-298.76539922091473
181.40033218514844
277.6076839446974
748.1248538990513
165.2811067982185
-210.47465432974826
505.9406410165526
-730.6099549568748
256.28713829872396
546.501469983024
2488.691395980389
986.3908914332152
-178.91922542406365
-194.37034081427691
98.49458049871924
-481.79409528848964
201.76437576981442
-502.47923902620425
165.64911428356965
-427.2878917219474
2079.2606120707337
-113.04746282585768
1349.94976456498
9.102710190138964
-92.28018005391914
143.26201831801063
262.5424701899849
690.5819183727314
-85.72120418956067
-527.7433803112231
-103.1518041953141
-119.06554365522788
-215.38486057339674
-133.50778858632944
-123.9106525465549
-230.6062483353257
58.13250819875782
-1.8682742475445338
-193.4449962705354
50.37131232093384
-324.910838099046
224.31286161104413
351.0347963147357
316.66947981014624
484.97253667968255
-313.91640184864565
-211.29938821907797
-20.867541896831256
-327.1093522675411
-204.36741031901602
107.15814203967324
-289.24744026295235
-313.2813644616777
-184.82376768545845
35.52970490392336
-76.61851437424903
18.262505177095676
-394.6426648161028
274.0351926849103
1634.8806118081106
308.9080574009897
-568.7757686940738
131.30268676900687
-53.930610474560474
-349.86746955950395
-295.6975836767417
964.2145292718704
21.99110701194715
-395.5923155533712
15.966985613362041
-240.1766301802465
-560.7103539290385
376.8434971139574
-213.22043824693733
328.8131910556655
813.072712239127
-733.8195723052313
578.6832132173579
-452.10143995493775
60.199000437352026
-651.9233279800942
258.22747311171815
289.840635378165
-213.37657876530497
2772.5862561652298
272.3496149682714
821.6595489983188
148.602495400204
323.6742263129872
493.87388830903217
367.4080559781078
-9.347640262207904
294.7753364982518
548.5525845529145
-578.2098375217458
688.3799359813955
423.2707080051648
-237.34423547650923
88.76043897018067
32.961219596584215
70.05480237864828
595.178256535362
805.3998945102056
-378.3865599198277
27.815335289934552
-46.82011053629438
379.32723311741216
-239.81965337333287
121.98205835493053
-333.48606615095866
-386.3174319630788
-1038.8598147542693
-40.69655769782908
53.858630552159156
928.5482576249742
-209.96360516793507
330.34057711124854
281.3740465710903
466.46804820095645
357.21412266477535
77.01163696009559
-228.35730312966874
41.76660298964359
622.4768141472883
-234.81004672875426
-296.4320992744424
529.6602072418199
455.59443440094344
288.6528632712376
625.3104782106725
-389.3074248259233
133.10693213579773
-26.580984435000836
-31.48326068218917
247.38562086451503
1144.799500073129
214.57990560617986
1051.5335204624398
-54.72412766754915
-269.76057883874137
859.6569343377747
-27.534715853714033
522.6011347693293
-766.9804081603501
-249.11132308551987
-188.09948638343343
21.518363899788
-223.69683882197177
171.31185630858533
-392.4255781954271
315.8140297594249
-487.4545501697522
1194.2883919877986
356.7747353945513
5.612372242461674
-350.16869186529084
4815.993067894252
8663.710673615746
-139.95988971602225
-244.25484479697644
-670.3725547726058
-316.90626692147225
-241.59245738564255
-468.119897375607
-150.8122283865184
-255.48525301007868
551.9331303116923
-143.29585821474151
-384.9629217354176
76.7881844308996
245.9291435210584
-123.7625025422542
420.01314575108256
425.8448078521061
124.31723181419477
-9.556342724169411
1271.3602442884785
-266.7733281797842
148.9515658918096
-387.9123221664669
-285.9679856243208
-653.3487954044141
-141.52523477929716
-378.0778649315167
399.4995889958056
-293.9548841857123
152.87962424784934
346.7034875561088
394.9755654847426
-419.60765541374127
451.4463545914746
-140.4924540984746
-160.7077516190413
1109.4743350887911
-271.9553409055113
-39.06001420121219
579.4395607160774
-113.00049689768723
644.5768654466498
-96.90523161791972
-564.4600469528267
144.8332749450793
-79.09078499793634
3449.6578113387127
-119.52341366997386
-281.5558936494894
-231.18668324396987
-13.537403467029776
-235.90763975056416
-306.9562237328169
-281.1066113015248
744.3250394263434
596.8287078071696
-213.8296544230529
-694.8716996469308
385.64021094564765
-408.0850945805086
472.26660857155105
-304.8418110872914
668.2915448959784
1519.4458532832377
-254.8062689096131
3510.7373639272996
-556.2530594908307
-192.5872600434784
-488.98744240090815
-481.4939323724441
978.6668554341992
-391.54976157200997
433.9265043668512
391.0768342140417
254.2949976290936
-850.6996292616022
-562.8612679193834
-92.63599455017953
605.0802310363702
1340.4104915488997
-46.98314834195381
873.297897597732
-323.33580784454716
-119.46054800146777
1077.9532026384068
-311.9286254698336
102.3185619255321
-679.0951317892763
213.5492659469857
1398.1834285816312
1979.9415327882602
-126.9104493192118
249.26336090494885
212.95050127883587
-21.08785330367988
-4.794481194069647
996.3224410473987
0.6731002473656531
-261.13447440505456
-58.421878899833324
-233.3734014871626
1495.1061424548552
289.5758101557864
226.26859874260083
687.8792089368402
343.61905732518164
-387.808407231644
1840.8280053589674
990.75802335274
85.66556327942641
387.1741032528636
-62.404633217803514
717.1256433334307
-253.96512656649642
45.11987711124078
-145.07788247838587
-887.4999385774853
75.77996779766852
222.92330156890125
-438.3903861810892
-384.3892947013534
-454.3648800509525
104.66691855467172
-527.9083506653019
770.7838183652007
-520.8623603100698
-476.9131722787934
431.493232692903
-135.27731793340385
455.2359774545048
145.55378033955867
89.40293568458455
-269.94503091939714
-67.84402711805873
-232.0983235804115
251.84431126369532
1361.2697982011
453.9588465424447
1181.5784691702156
616.5625588691935
-291.4279564854617
451.45500076937367
198.90518791595161
307.35596477753256
19.516522439731034
1731.4206559656245
1336.711467445392
-587.4874435942893
-111.4945569083979
-4.196365257448377
287.55227050766996
281.9852578647694
221.57699411808807
-582.7711287285656
53.37176420169982
-417.47578431047083
362.063720210832
259.04159797907926
1569.0950092292173
-468.32659212347704
-456.5528509465804
1585.3044217417628
636.9021260729364
-280.14087661111466
-219.94441836789494
467.10111142430924
504.8545204853092
-284.6734264747142
-342.22909035577266
343.39580226357975
124.14462959132644
118.46074971229118
-178.45890543039357
-167.80037938138315
-725.188958462913
-268.9443068512883
-294.3423248416821
7226.2143942043085
-130.31863361148177
-273.96014037707647
73.79772174263661
1127.0909594946102
679.8362773937985
-442.4798924018076
76.52384064366254
465.6892397818509
299.0832238316876
553.5131390857491
29.36483422333022
-451.2652220771788
175.301765639285
551.1823891519432
-177.73669356258776
187.7018177291431
-785.6097462794479
2713.071312237604
168.15255712982304
-688.9537620216174
-437.10115986222235
306.36713396856277
-33.94324457330843
-23.095754746781267
420.69694205291853
-447.0602776990788
-124.72912901567247
-283.2246869337801
119.57292783800568
-21.602990770385958
215.22908202916682
319.9262950913174
188.48250413412234
-310.9229984311741
296.89393221479514
354.98633234822387
-581.902607649125
-186.43579193057096
-221.40237595051804
427.08012209038577
-689.4223061642153
939.0553392840865
854.1935908679137
-250.94313190713575
545.8187958545284
362.95033208075824
527.0416430599081
35.79800617505829
-315.35148503855123
25.700188316514385
-135.43959318667706
174.4188720458415
-107.93387624971035
413.491757864865
343.78476879880753
622.6836778797845
41.03410453126406
-142.74680485348395
-269.64604628847235
-252.30776530431882
725.1258628976091
580.2990900227151
-332.412871283593
722.6684106525606
1546.8642033187512
38.40772428591143
-372.05486784082035
-430.8350991363576
1092.1148876808347
815.6130214901342
203.89719597721978
-931.5873809020161
-632.6070624433659
36.55190848926219
117.11449914742843
176.64582743220376
749.0723953311724
163.79976871031613
473.14704233779037
528.1429885650828
-140.72010092755653
-64.55692915457777
147.23521687737727
1303.2087539776048
2224.946135643076
398.36331240603164
-53.535258242477894
-171.64741397931223
-162.90972896160244
1170.6480276098036
117.76882270839513
366.1569059604043
-334.972096550141
1102.6246608138154
820.8966132974188
346.1427053937011
-209.9100429667125
97.69973560039455
124.5764070098696
-271.64124968476636
629.8585761869449
-282.54855963504383
-354.8305272456074
344.38281460490157
-155.96292646421662
1518.8962010152331
138.73875538208864
280.22718040692143
506.3116248202102
113.7889093827157
-484.0426478436055
393.8394236841746
30.71534035498506
449.5636427962986
-18.923498358891877
151.4282577396856
-125.42522792840789
696.1043563264998
-490.1193787430417
24686.680077326506
-103.84191872664658
-371.2363947861218
868.5017298248972
1565.3831777856112
-145.43731665271235
-293.5893292759399
21.854090141338418
783.430776307022
-75.52694233256852
-277.93094088962573
132.01081473197186
-3.837955842011212
-131.05506352764237
41.139297382818825
400.8490170796024
557.004432729226
-95.34254509338487
146.06279847729618
236.86688636997792
312.33853077527465
206.18782902102248
-693.9005929470004
-85.68695675235479
-172.51861581058716
477.7215143471303
42.64839044637293
-559.2554478127361
-214.44968529543968
433.12197135397616
-389.74315103689617
1270.2219463507836
-136.47231998461177
1371.7236875184103
1451.402243898452
156.11698156694993
558.9011775357322
1440.494576141567
-138.2140909173188
354.53984298546385
-54.69039281042408
-118.44808402515426
344.39275819183734
97.76292942668101
272.4111547031522
158.984960095855
657.6187842808532
737.24119076888
-254.22907414016333
-288.46188328227805
-2.486955414620411
1561.9164236866286
224.13232809127862
-181.52389000505423
82.53687834503833
952.8972742898358
1249.906239506654
-283.14453668761746
-394.30485007057615
-247.9117456190984
2575.7323833312644
-12.21386887110981
1023.0524570808296
316.84195537297654
27.259061197788753
-208.80636815844545
479.41726303254677
915.7313464269185
-76.1936158597006
366.73798716366286
172.0238458149663
363.85958491610404
40.43712561852817
-23.32377759953357
1013.3977730049127
-68.77722017880227
39.43978882841225
261.5294340402574
-8.681139209432544
-475.5422131860558
-339.7124557200466
1052.0979132510315
-29.01113144624385
287.37524884037646
319.849083453726
407.2956471228247
1083.2497379666906
231.76649495731715
148.77115907622402
805.2387128869025
302.9888094883096
-97.98249262833092
183.49526830319866
-149.78167196954553
-9.817506400284827
-474.06326411317355
-119.34294074969
52.17937461894837
73.46352965992568
-251.06863508305318
-5.523000014633212
296.7812144355885
-43.02003246941278
-384.745519766449
45.706989435962925
-84.85735437489342
228.17065208772965
-70.94143038453474
3182.1628823162464
492.98123439477035
-52.96548017990878
-13.056273945432508
-344.3913208401405
1339.6206190080675
-62.56280786421549
-406.4653663549008
162.38144077326814
543.8736708269649
1316.685801096487
-148.09751961654388
266.3635948000877
590.1176871400816
-211.3930211248118
78.31787975042349
-61.84975810638519
-39.28870641449744
-120.84390909762169
-129.29585770650522
19.081071651447303
-490.38341299091377
-125.12037867165112
-173.64018324436427
-160.38727696882071
2019.7360565243744
165.90538714440035
34.708576296622525
-521.6397304287564
-290.3533064246946
-378.66922760929464
