-143.0489804095164
867.1483867048685
274.46459490394466
522.143893478267
388.65889541506147
714.3343211116868
518.5646194356588
404.08610217321734
1095.7039909623372
676.6118272962185
761.0026118170038
1041.1970704574403
594.5817840567165
-48.60901895078359
600.8034966575906
467.83332447300995
314.2872006423654
454.5033398855646
1230.223321979986
299.66873597971903
570.2939347592496
470.918820543954
1157.7284712304472
837.0514402106885
362.16004274520935
75.41058672963663
96.04951425788295
425.77518702658534
284.94413246870647
226.86882980074586
393.69234724256927
247.04080170246618
-91.37453881769738
837.0514402106885
308.2384552581906
505.70387502275696
584.9647754897057
845.3232071763832
689.814047658839
837.0514402106885
499.21296258029747
359.57581666639805
417.3751138471076
625.8663257515941
2210.483901879229
280.4123648758574
710.6198250731179
367.736097344541
927.4101150059391
915.3102696597166
-233.6230786379017
360.3067703465483
475.2592476678451
627.3704431387716
1049.069535258164
841.0735235641627
503.94051083899814
157.57143435390594
588.3969476794136
284.77405879923833
213.91075065758582
1451.1699802502137
2653.531228641589
463.01838808772743
825.1987659407732
587.8293619490466
-173.49721190391926
256.8084854711884
442.4693611728988
-91.23604921259641
352.904487328104
867.0644198349798
38.631831928814336
767.2169241306622
657.2402037081555
284.61719365110423
1536.521004368569
257.62864065337897
837.0514402106885
837.0514402106885
837.0514402106885
168.3675554680516
1321.471149165493
837.0514402106885
560.5874258297033
682.1001860708978
731.3441000846045
362.5998644011277
727.8203336043338
480.72683372427366
1376.2195003332536
357.8757562185988
893.4518719852656
367.4148076298709
719.1454190641222
11.579966245024934
-174.09720072722712
833.5747811041182
399.01293003289436
113.14528533710529
384.47323466864316
494.97311403685075
843.8438878888727
285.2867329048257
1196.455549480791
244.19245317705133
239.64016284141746
969.8343449514258
461.5748922890466
989.5279729847812
111.57925565710627
946.5629567121465
230.57402987126636
377.82512741343453
837.0514402106885
-236.35396238465933
545.8647275121898
471.2890501670227
208.6281644874747
1207.8966802098469
-339.60961271540396
320.1142041844063
886.621264425225
171.440812946934
1187.8068481958605
1089.5664544817546
424.7437568876372
494.97311403685075
402.024566047996
95.28973014369296
151.0498291501001
-423.6701779354812
635.7731862814824
837.0514402106885
827.962694689377
837.0514402106885
391.7149908366348
1254.2554779929965
963.2589702143858
837.0514402106885
149.16883330667042
1634.3855704118055
1143.082952871893
-27.796265949385543
399.9282418689238
-38.52859175150934
84.39319209816381
833.3380194277689
985.4809451492779
551.6749307082301
333.34532677015216
1196.8347047120458
129.70900446640394
1683.5343300107666
333.473309756004
-264.3549649716317
659.0647355326998
-100.99947585512098
669.3773331333207
403.2633555096428
1383.7519054620207
917.4664525353028
440.9723034703041
-160.6953072457145
1111.499674632049
178.65928493766023
1196.8451179148074
226.82697189769192
601.8213991336036
814.300596742476
256.7119581094448
725.891570642564
1576.0607076763017
366.05376523236436
-206.45569864888262
224.5463515844192
1051.3198980157083
128.69378044095322
1061.8168514251247
655.664152894629
1049.3257070909208
-1.7511263448043337
1085.6380702959266
206.29828401000077
1910.7305296091424
472.9802598723143
184.91019449649548
532.8012429559277
999.1530543364996
1332.447534359636
3864.4877660293514
635.9101960186135
621.2271133719087
837.0514402106885
1034.6158570765808
268.2070107085053
-269.96529907392096
612.1519814606164
417.3751138471076
946.5629567121465
897.3542907556039
55.6473519659213
480.56457161940267
1081.4537258874616
656.58465962623
837.0514402106885
720.8376574574556
211.11242367914429
519.7988328536319
156.1252719494945
1366.976335159136
-162.41407985701028
412.80105835372814
579.6676132146466
545.4040522589235
103.11364098385297
544.2419868611433
807.5109650320171
1013.7965793961625
-146.7131288493689
552.6958983657066
536.9610612519616
644.995767015434
193.22385077968806
228.62109409836194
30.079198886214613
565.9763566637575
190.8525059318141
91.97054172319235
837.0514402106885
565.2561330562469
-223.52233031214223
126.89929195943694
617.7092726733782
205.8668104030818
740.9507431221363
305.11084031810776
908.4680903698638
255.07146219951778
837.0514402106885
-14.581359187090356
717.1722044163164
67.21878473962556
837.0514402106885
545.684982314794
131.16132673515062
214.32829952828615
140.95757986395483
-55.13952022993794
-74.00820555268456
947.9859396203128
1432.0643424284085
128.11082319034233
818.7629985257064
-26.959362096594873
-286.56461431349317
224.53700799902776
3970.791005685046
-309.9229844381871
365.81146411155055
6.318783834490091
1807.5033274672157
594.1885843531131
963.1017501872681
48.67381693574566
706.2282764809031
473.3520828358209
791.2862434694259
302.43746289960177
742.3605505808064
191.10418867446901
858.9059016740408
-4.090718047160522
-25.01015552751744
409.97844224728027
125.92587033610096
544.4220026246659
3673.5270429877537
1057.659489273076
673.31755807838
755.8672625047983
277.0544806831099
869.5147074613142
740.7540476620441
837.0514402106885
837.0514402106885
313.95100970191424
1553.4377988258402
846.3870170111095
-53.593173173172545
708.3112243473527
442.04398396972147
-81.94736291006325
837.0514402106885
432.4453477097893
138.78552134548818
3457.061136631626
138.00566325252964
1412.868726703568
560.30482768255
837.0514402106885
420.8846341319612
837.0514402106885
67.41009686649318
-170.49305259182404
1091.2385244807997
1254.1265605959766
5221.908918566812
1827.0753127021837
316.3415422060601
922.0053349720379
532.4362437977195
496.66423385616486
848.148248455575
592.0117917467868
353.66494780458316
-78.43010837735005
2461.29686851546
631.3496299463739
48.321401588675826
837.0514402106885
-144.37578974357234
1156.2095941501702
412.80105835372814
405.7735568433715
464.9397309469464
230.13949078087967
1103.9409892893486
-33.78393929914046
722.0717447579054
609.943436503337
823.0700380992969
281.3966572202464
565.7516605915685
444.10037854634425
-10.956666327319226
835.2982887753241
1444.469819071038
570.2939347592496
750.288042789338
731.1676004050854
862.3816059312005
463.02928727285916
519.0266283044086
875.4062857764333
228.04119542490582
724.8124306752484
837.0514402106885
1048.1725843386498
837.0514402106885
61.72839451356208
595.4708012511066
837.0514402106885
665.0883149843585
321.33715364916816
182.42780970064757
167.09830869210055
1062.5179782262182
1370.371632319248
377.9813060285487
188.57559012139404
887.1915282317082
623.9308473221225
449.39184013466934
1448.2947409896028
818.7629985257064
-53.38328162369942
687.6450766193004
436.07846350557605
1425.32053523053
-71.03115911167083
837.0514402106885
837.0514402106885
459.5871497071123
617.3308438956999
907.8821275701576
262.6346018077611
12.204983118492464
1140.0975954053329
668.3476792986353
426.07821013777345
837.0514402106885
-204.75946149747415
974.5934161272587
62.45099057620973
1130.8162498831086
628.6665027681003
642.9533899465474
424.08567999928573
1449.96868770409
837.0514402106885
377.6885004190672
837.0514402106885
692.2902518541681
705.4615591714066
1504.6156193382326
1412.868726703568
237.70076489018754
633.6874376524091
927.1249863867611
1334.8319910830387
389.1841676076273
-114.1645579407608
80.67078847015193
517.1258896260078
599.9280613782082
452.3473263958653
405.7735568433715
308.2384552581906
1099.9072824507996
63.31310968434332
139.11218725222307
152.0840762156522
227.1459081758004
15.823567225480474
-92.6052533414778
481.5172634849703
1332.2317710025811
701.025862067737
869.5147074613142
4093.7298281089243
239.24791925218244
764.3514395333664
717.4861856978388
1150.8739062895386
-31.917703079130433
98.90886726481119
573.8500776097295
849.656501728515
815.3436748386571
1320.4558753946526
1522.4261894381993
74.24599968151233
478.1260122055401
438.66725769565795
664.1059744952252
1557.292785221963
1150.0240037084154
243.6303683492248
238.26666056536942
499.7491053345881
1592.2589261918156
1057.8241693737284
362.16004274520935
311.51959144970726
38.84838400779415
536.3096216953206
911.1849344500049
518.8180128935714
-129.37165842472882
411.6075475957521
416.4578895029228
500.49478499180054
-273.5518602751963
769.9497777056044
306.33207295691204
485.9165126322812
281.69814432091505
837.0514402106885
1252.335181676051
1301.5983879973448
541.3548177494602
76.98541121448284
85.07503047498051
762.7851549888264
451.9604034152138
837.0514402106885
1436.0322888482276
744.3171975475195
785.2536907312807
193.8745332065613
250.18069086232356
441.1425685825731
644.820004827057
593.6623818370593
310.1194213944509
950.1868882065658
381.15853550718236
2443.9891110192384
837.0514402106885
1087.4129947332299
22.297632480936727
682.9587137509657
537.4918350566147
199.06236261162337
366.05376523236436
837.0514402106885
203.36628664992668
162.8617375948578
837.0514402106885
456.63096561500544
79.79747765331729
154.68817869532973
1045.7737349809656
269.67659807254904
921.064977494718
-156.27487813422385
2465.1425861412517
280.32712436079134
169.6810246149994
470.59937688764154
590.8886319662854
188.1264352147732
-251.29224640585494
233.4769087104246
150.15045017625812
74.0481601633644
31.513391601344324
629.3391713580897
1903.7933863915835
929.3279092271855
285.74973181227585
2641.2176480997605
-164.5025985491436
459.8887686056996
-38.627480710439954
10.702809568160774
187.39447640960896
1066.1569166666677
215.26339265312913
-193.60600376207458
645.7037546574935
773.4988361356939
533.2225213019367
347.9729681636785
86.70973030674804
1464.2183841237024
370.8109790372916
191.104662320304
-101.43231803105164
322.2498260239796
434.7601770972143
545.684982314794
403.5352750948674
379.55997349821615
1177.4260940268468
474.3720272968873
843.8438878888727
875.4164147471333
42.17381035594963
-67.64181689243105
258.2286663540831
1128.123447951924
4174.097169378247
806.6671050756134
834.7144443161379
837.0514402106885
411.02610282619605
7456.502033163263
71.88167399414692
478.8428386040862
2891.460764148951
1023.3706196213964
262.7187702045169
399.16759968849226
-13.171063458373169
-446.7070639820288
713.4854987241442
14.113842904193007
644.3389938026687
980.8758553057554
-155.24011806821977
254.02801615221324
592.1546459955856
-455.042176917942
-249.02283214074896
596.6019937861811
408.4591995084973
760.3156263362243
107.15243594577078
1693.9371997590276
900.9269234307259
-123.4956486287424
257.2120823773913
272.4330429370916
1428.4577452051485
444.4866189228743
275.62067131989033
577.3018374708485
53.22794922205753
529.0812252698545
-231.70001583678413
2586.174917830177
659.5733274515056
604.3786742046891
461.39860768332534
1192.680119377769
383.0653918862603
-166.85086600056877
814.070838729662
1332.1245360727567
701.5466591453496
478.8428386040862
365.2081419139322
17.046975722162756
105.9124153739674
830.6851101653677
751.5539590754834
71.26312815830124
648.4945542287144
412.80105835372814
574.7937879169893
466.3296508876616
583.9879863791971
333.0146795339607
276.2624308985859
0.9401285226919072
2871.7340748087345
86.70973030674804
374.9871947338878
673.4290718911615
1286.3125707280217
-484.8541171846816
848.6670473267695
791.508155588797
81.73514687678744
365.81146411155055
1457.9519799539264
663.5706941832664
1054.8783297473892
412.80105835372814
1089.9812734138127
131.16132673515062
853.9693699266658
511.9776288682937
175.10977710401914
601.1777904780762
1400.10307784599
376.57361772441016
1159.5574907290957
1425.8557457068778
2083.179540926451
843.8438878888727
123.42297606274303
506.464672623966
837.0514402106885
733.7882850887386
288.52478073234533
552.9512425043279
187.9597990569523
889.2581747377324
-130.39744814991275
386.03199814817845
1254.1265605959766
2375.3220279781717
837.0514402106885
461.6691326055233
1175.7366952743064
627.7993153649547
614.8793270232323
1312.9575696301117
837.0514402106885
655.1845771068612
189.16973667938453
162.85340467180959
122.79529936985057
837.0514402106885
946.5629567121465
496.51215968662007
421.1876220390117
1082.8249905302032
231.27519193066917
613.6400291935624
622.8947347475431
230.6383064121436
537.4394918956214
364.3740683577953
837.0514402106885
380.6698399819661
488.5974580507935
473.06537599911996
283.02828297603753
143.24025242650953
439.2816535240717
-278.99178389861254
884.5315968489726
835.9911205474378
565.1706067007567
658.4226698565506
87.1818014146022
815.8086129035308
837.0514402106885
-412.916220720487
-59.2524121287139
232.631652789825
644.7575275499942
64.0644430271517
391.3128383948223
1180.5782597761058
972.511891377708
-67.25548695663986
341.12579016334394
675.8270878694345
150.15045017625812
2427.930815956815
86.10864251804946
217.7881386493567
-213.86214971239747
-572.919022871668
3223.453532595884
589.1565387415139
1708.273154643626
45.30721267300282
414.8336548053219
215.16012247628805
182.2689410602335
248.51330914644655
1087.9900160505313
417.10577661144134
769.3659185193409
10078.012333859824
303.69396952542274
1034.2545536119196
4649.181208550544
553.1372697029011
486.04926577972833
631.163591995256
149.7570121254878
516.432462051177
298.72108668398266
627.4101983029459
328.4500994306894
538.3374539472743
467.04497052289275
844.3839096195908
806.6671050756134
1254.1265605959766
143.21301074821986
693.0586346020983
754.4126830347515
186.96359054523748
1035.3376894033818
525.8306129839601
507.49269585444654
1433.896543751124
690.575205652747
655.1845771068612
880.2786920653871
239.94250684692565
59.75338962037722
995.2552349962978
320.94407492027585
344.39152234057946
411.19018107361615
1732.800732060679
1264.848681548362
837.0514402106885
662.7494772849203
18.29178177513006
433.00140066589717
195.33407133468359
1168.899255120767
446.85620960112436
-145.16693955775554
206.6767772719976
358.03715337768693
727.061111650561
599.4491063740202
837.0514402106885
542.0656554489299
90.99075024759168
2435.0252704784143
784.2044472094966
3305.602290921367
1663.0357703022346
1052.7158521020067
755.6239246144091
692.2902518541681
1217.273786981842
165.49490585881176
257.62864065337897
875.0074485111245
678.6034349334875
571.4066248381532
1203.0349588965757
542.691253023703
-702.7185879602982
1025.8775467677165
334.0453291136592
877.2039820691706
802.2312757687779
595.4708012511066
102.38346300308024
1079.3745353169008
-91.79049933680062
163.56272080685608
-37.051701762494304
303.5123160916306
-216.63671063804236
-34.56093474612669
1187.0656353175932
70.76181890704595
693.399229360808
81.10657066121075
564.101246042192
1793.4831598883352
837.0514402106885
353.47025291186657
1411.4539039534038
526.0530181696549
258.8312539322619
215.13824450120126
650.3576712694638
1202.5578261397272
703.3647480581687
439.5154036727371
731.5514870276729
324.8090407823738
96.32260622660885
459.111229717633
968.116403286174
436.27777552705805
278.0230048319646
248.660082594213
642.6416234133676
155.45518884067792
316.34882538477893
576.840142473053
115.82933718743925
793.195436407987
294.6735177134573
169.532104383606
861.8350645951493
869.2005675999167
4808.678462110439
1163.1880752497445
3976.348423033047
265.0507975604779
646.7216228788925
1241.501174345556
273.9990551287508
-246.9228703464778
154.97815227779188
746.2030156568621
1075.2431734151442
1179.1971492644705
257.3194006329186
1973.5660534596834
187.98860190975438
844.8130896284406
338.6602332986686
478.8428386040862
63.58807357584169
107.30069180853457
115.55033681391433
1098.9277445025782
552.4058913100728
665.1779800541879
252.9001798700658
472.27771161283493
303.3485791074995
782.3526381377363
175.95403997105802
29.391494319658023
528.4925055471687
1912.7909952739046
837.0514402106885
102.59159722671006
837.0514402106885
630.9065281936225
765.2254862808173
1011.2284338213964
536.0587289099591
619.3133939576013
260.91439777471464
113.14528533710529
1110.9377584662839
400.5417944294564
370.0912443289126
476.2439489590777
843.7272811106634
399.35880314719174
56.74601105230829
442.86058353369043
364.67942546114074
1454.5109406414258
-103.6560105443815
531.8011898335351
1213.145069854504
228.98712123891448
282.31980394237905
216.03453352283543
543.0365709511645
1226.1738620762908
903.12533526087
838.5991579221103
42.89867539425313
165.17020109251052
76.65714641677596
448.8018018031372
-505.8366888502792
329.5966049442652
138.13332607860116
137.44792703199812
665.8166728126475
548.3439429662408
138.32547216460694
1119.1553749534341
82.45673368726386
-45.00839685980304
382.6650159331159
340.74990137528107
-32.074079599442825
420.04386964618715
391.68684813294914
1017.6041668275855
84.23637824950424
382.46959498079025
281.3435390679525
1172.181685112072
-120.14508474073466
539.2216715821239
205.75109184584085
809.7753302462606
187.32803340011696
159.75594727484895
230.9559231780454
828.5938166874262
817.9721515176816
386.68825287631273
856.5969952917217
522.0122712024464
-440.29116664736307
231.13458066727708
13.477320000722898
1003.5368590709345
970.1436626645548
663.6456038077504
719.5012935699199
1063.796036740082
1120.403586288328
753.6282868887395
645.5064422097403
566.9433866177155
482.58560247087246
357.09217137470625
274.88323856163834
1259.708073266344
417.3751138471076
817.3894768840541
-59.30878900323296
837.0514402106885
614.6968579555969
937.140799911616
404.61144853963606
347.8590455425875
491.1894210181533
-341.16597392198923
258.6007241535174
2750.682384149257
837.0514402106885
821.7716091359475
480.8959947293158
-171.29265336450067
135.33548263919397
409.25512879481266
2161.3434741040182
686.7921567655849
239.68186685146622
440.5064638759281
326.56232858784216
649.8584619843429
406.00370207423884
255.72648186645029
837.0514402106885
450.45146727831525
-426.6891941876029
2131.496660270624
757.8945435251242
1575.7650946841795
135.33548263919397
837.0514402106885
457.78635771190363
1070.7579720479523
331.21958412536054
132.39093206176744
978.4007814206831
581.305060410702
542.8547501712683
181.95621762290614
372.286180690106
58.617908849223795
1091.7279748217552
999.114849545925
635.1242646997188
244.69592827166377
292.52494213000693
781.367801437912
357.1790191559445
506.79414203944157
900.3264840423119
332.2139544603957
658.2617555234066
163.70909002979874
-389.12248233293735
706.6570639551095
937.140799911616
494.282241020309
775.8712043845039
838.1504997429543
818.1836846099944
629.9429805273303
601.4612984883769
242.98686686924293
1180.9481276754204
837.0514402106885
1041.4285419916196
1063.9757545414604
675.9457335219311
122.5224511732207
1163.907714339634
968.5149504027413
664.2979229693055
517.6031319392106
2085.793464211497
17.24662313890667
357.97949302929504
582.8739730218108
778.7951221740836
417.3689524541985
3754.307530983634
435.56549924173606
936.4739981160282
67.05773605607828
1172.8613274450865
127.94690774362493
111.01193749212064
933.9604948531737
-179.41011006160636
508.1806962883318
404.0780849105928
267.9086685160652
1232.514910097839
194.2157818690555
1101.0491556299182
411.8160721049739
1020.2369053950712
664.6587140321342
466.3148359380628
215.5862960420269
1575.7650946841795
868.5117603827
654.5416309878402
1482.0244563697763
107.96464443114667
80.8707059595946
453.6061103674424
769.9497777056044
932.6672474902357
148.39810037003565
769.9497777056044
2316.2617341912273
1170.8751904971728
1042.7609977232119
1000.4680182538784
297.95540260757684
837.0514402106885
667.6505239547934
-64.43284402558652
373.277027348543
1811.1866427867703
507.7934138623941
547.2118113122812
8.239422037642726
321.8294059936136
270.25449128311493
358.78833580428494
551.2067885200775
1278.4864434698145
-175.22161011324852
-89.66124603675485
837.0514402106885
673.0860038208837
-21.776782166510202
1648.6934148067708
1085.6380702959266
837.0514402106885
769.9164308737431
1018.786952826139
292.7350561179337
37.37085705149764
837.0514402106885
-307.0640138678996
1632.314293598655
-31.809661291407565
837.0514402106885
-114.03983967374518
129.66316071598465
49.30422149877825
-349.0557108230746
5092.085483747547
564.101246042192
-749.5720498209973
47.765406612765105
1254.1265605959766
677.1342165053806
995.6603157863672
545.684982314794
629.5465992924366
-198.56004552385298
-133.768296403337
387.31617134492984
1217.9342214259632
1402.2384057937124
-260.97423649588245
461.3277820144782
-72.31439129002501
611.8452017482243
48.11899942146533
392.1245258889534
244.36560785515042
1144.4868486009875
640.5021857559582
369.9471281406736
1167.6038418391813
599.3730125428044
611.0939613506171
6560.777379014763
421.3966497906972
871.1672313837107
278.5763906250138
519.5593649513066
1815.3583695729822
-121.40358475776168
486.93263822772326
1309.4057307353994
1243.3431149395824
1540.47941004434
694.0397578140507
1792.3366445028196
297.18092462662526
1254.087799308696
277.6490567180814
3046.5172073242757
695.2825181960302
-335.6081172309414
347.10461027924293
1417.3676314269337
837.0514402106885
207.2594133890923
973.2759292961284
-209.5064888229233
1513.6491842959604
606.0260414597817
207.2594133890923
455.1831544102119
897.8013365105162
1163.6589925509957
146.2653196220299
781.0854854705478
186.0820658438538
700.4582199970091
-187.87219156743072
536.9610612519616
1090.0421543782875
228.90622902744224
554.555283701576
484.02722730411415
541.1146559799404
1151.911438039299
280.85337055690275
480.0409571483425
939.9857131067947
521.3801780933538
1680.9620352616193
599.7468820328199
817.242909366829
257.62864065337897
1037.3627359921272
159.89188831056708
378.57713998047586
341.7733701864809
168.84166544208097
40.03752661608439
-309.792241259036
-309.792241259036
529.0812252698545
2218.8654100487774
972.7037513787046
604.3786742046891
272.02184995956793
727.894677664847
-112.91402466391628
282.6761291581971
543.0365709511645
348.4665923893222
567.8457262765868
837.0514402106885
795.2140710387199
545.684982314794
-130.68445277482147
388.72176915530827
405.26974223039247
538.8518636694457
591.3775020757778
1921.330261820812
238.37606561056737
1181.633976278112
3090.498187418517
225.2219760056114
493.0848460955042
691.1251527119402
637.7909000514218
906.3200811852041
690.422482708131
634.6056005925703
150.88461325482422
1152.1400570707042
543.0365709511645
686.5228573825768
409.0266270177141
494.30990343017794
625.7998363787981
1285.4505540716987
2129.669040353074
683.671481406747
227.87924877336332
1302.6081738727808
1053.5216556285131
1107.2720475739648
787.2268482329168
-132.2775797843732
432.51967783668726
2233.418404062081
740.4648329536687
692.2902518541681
480.52746685525096
634.7297844370237
585.9167867246832
153.96080094006675
586.9396967267154
442.86058353369043
69.11416365506727
-112.89792993507092
251.25325235057187
403.84397120614915
968.0001613611147
2388.2867772572617
649.2872554102262
277.97669583292395
-2.0692196546530113
412.80105835372814
174.37738326417627
975.5877517951724
1239.2701167849843
1720.1694349089114
201.91875338373654
12.331657992354735
1034.2978565765939
455.8335689348773
328.66295329563803
837.0514402106885
184.98779758211572
561.3779375642575
-335.884195357379
1120.0774393358197
638.0225498633753
349.1487443582944
104.61896361410231
345.66113720692033
-7.060392815737259
837.0514402106885
1468.1159478963475
163.05888480128567
759.2439839207955
2215.0629844715795
545.684982314794
574.1884586848885
386.43301676429746
-12.874741696481124
92.82219629827148
389.1815119037787
-198.6559009294008
1107.2720475739648
321.0207913526915
229.37513923069696
488.0119680750867
675.2943598503969
585.1073143295556
-124.65479204364055
133.72959937560336
96.7983732744932
3.3672772809727576
145.7498785444327
709.9836969201464
-411.94590216649794
345.12715487282344
110.37475463953206
921.4548204212892
1443.4986130383706
562.7700678094908
2085.109074056761
148.3330228738978
871.3694687721946
-100.80786110890153
-101.20661578582462
800.2505309136919
427.48932859298355
946.5629567121465
241.35442222826475
131.8114924704994
539.5146006521417
1310.7863294272238
199.74449401398454
692.2902518541681
2355.8993686618205
837.0514402106885
320.4762300108871
758.6368273373388
732.5820230905273
492.2514932305305
297.27102563514734
671.0386185702693
613.5335689541449
242.7347293289331
771.2819477652961
1699.9150053020228
10.605160029731337
863.5300387555999
284.1531899408734
886.3311281246655
1309.602762027916
1021.7774167092637
1161.9936417256206
210.57487975696768
1286.614182770902
-240.6937100746061
316.3067890674462
992.8407467943728
25.96490837633951
719.9989369624666
9.048998609955675
228.7306854404727
1321.222536079856
578.0194289609015
441.7220835265506
65.3718871740366
1299.8540020992227
533.9152946808435
294.6889859454709
-166.3568121938406
579.6676132146466
-251.4492650491486
316.9909728069954
837.0514402106885
1399.7518310122407
-49.09087905241631
837.0514402106885
763.9270885681283
52.5112178984474
191.96117941100965
837.0514402106885
609.6201724869992
7.1525443355251355
-75.74704788945769
527.3103712834462
1045.190560767992
1184.4184703512174
75.78592975961783
131.81287438980098
978.8741615951286
33.81627631424237
908.2471447593559
118.08159774791318
444.094746356826
556.7098922093162
837.0514402106885
545.684982314794
931.9862611266747
481.1730049021156
411.02610282619605
447.6178072196171
460.90183971228544
568.8423087270512
360.25347866227446
560.7962589192618
1151.7423702582455
268.8891606949401
383.1527719969972
2630.15356644853
-106.88137590010513
762.5110032736249
113.4184702985774
837.0514402106885
925.6178226141279
470.485855783808
823.0700380992969
570.2939347592496
433.788825416951
-5.282666772781454
682.3810200896038
97.1559142474506
844.9592881127
655.9957624716011
1070.2461236257268
-17.840674030846003
320.7756206789886
1103.5443284135265
448.40638832713785
-48.715301368471955
83.38939817145751
550.418678155022
837.0514402106885
248.1255860433149
1132.8697961706212
248.1255860433149
248.1255860433149
67.64411563222473
122.03715654841085
-161.70281482101063
64.69384188411266
683.6268679540237
837.0514402106885
837.0514402106885
1158.4473173688648
567.2593122658883
2773.974277845118
705.8276533616244
756.6680427175538
1058.179031731387
128.92344874288642
570.2939347592496
935.5744475525311
1283.5778684419352
922.6084438466919
837.0514402106885
158.72406880715323
-92.04660180953306
-204.72990561398342
1705.1486626070455
1454.0611912792879
399.3155947126107
754.7344777453814
200.7392113710149
552.5832133912476
1106.687245350272
98.90886726481119
485.07627905612935
414.9303130091008
-38.93163451939199
1312.8333521417528
837.0514402106885
741.0052671088096
693.0586346020983
549.5523469811795
186.96359054523748
258.9617016039807
227.62447388107773
315.2623860809945
407.6402277055257
1119.3673792832328
546.5931766128169
582.7632669111597
233.94480545601334
517.9473562392874
441.9104752023289
723.0038321782537
378.28016363998654
970.899301115908
853.1664400363533
210.76264910501288
837.0514402106885
454.87020845598056
207.2416955862833
102.63492155663448
730.5920205436817
-142.6170855188999
427.63870382778924
559.3898779596257
-103.90330004269481
17.843480221800405
655.9957624716011
760.9424746428477
418.615748607878
24.433590692453663
298.90471296389353
514.397601826934
36.219008087050724
76.96339298424652
545.684982314794
701.9883712758376
435.5230756448824
860.2946114948343
1905.6270336553803
643.2645337310621
706.6625018222493
556.1646807702379
634.8487688152943
765.1407465886015
494.97311403685075
771.0759305289207
313.8269205747117
610.2669604034481
-30.47556767481126
843.6877889279363
519.0392105206585
694.0397578140507
125.37734009713404
945.1376772167897
299.418662212879
837.0514402106885
651.8553535113377
839.8548510547311
550.5511092020879
516.2439526788214
338.89551367938753
11.789326825412445
384.880477929829
494.97311403685075
525.7986984703341
521.9252113466885
142.29847884817195
731.4339543367466
1498.524978071208
170.88826636122212
837.0514402106885
689.9526255982939
402.83839949498724
658.8043909284049
537.3488136822614
1739.9316587152332
1153.0940909548974
579.6676132146466
726.3289602919123
-92.49621746471644
256.3960756808342
1961.3694827189559
655.039067303726
837.0514402106885
1430.164082261138
666.2903347487431
288.567242717707
290.4770008061196
-127.96995763718337
999.6527133943996
291.0050220846847
837.0514402106885
-312.77814854216604
134.61153604881713
739.372242148252
1279.1865866210883
98.75827666479381
568.3285723711022
150.95249259405637
704.6514409227902
159.82473403386325
382.49117676481376
674.3718802265097
-147.77472448395054
746.8677676349668
467.6438475676992
419.3058454135645
239.68186685146622
400.2785703952175
1555.096530548562
514.5340585709943
1016.3905262678477
649.0497045989898
695.02450677333
3702.434163799484
381.91470945708073
510.0734135854072
-82.08106781589822
900.9269234307259
106.48573834125773
179.51774406758489
951.3462372163227
2312.194361273064
824.3832193462641
644.985256947575
483.52174293575683
1134.4029870243548
837.0514402106885
212.61269863951156
751.5494043223381
228.9492545165108
720.1084791965114
417.3751138471076
482.52999455211113
142.17293356762366
671.7831098286908
90.66504351731851
837.0514402106885
234.45763333191394
71.48353317519593
995.2530412506798
707.6336689148503
-199.14332294433575
-0.4290846861845239
-225.0555019738788
230.57033870947555
218.8533548595948
577.4156226379714
643.0892157090971
135.8746956342177
821.6218525000204
238.00350164946394
412.80105835372814
217.70673707688047
2285.010109584966
1018.0594585196848
1400.3104900371097
150.15045017625812
1053.1008080459858
154.6255329511381
1717.5592567697304
2030.1949831556003
-274.43471862910496
188.84015163100412
837.0514402106885
910.4807339338746
6.155998098553368
300.08381754650395
-72.3653594692679
746.697476550473
1140.3453224944801
837.0514402106885
838.2424001659666
837.0514402106885
245.51854532955917
187.6566657647004
103.23489102275835
286.56738008499644
1232.2331212782356
91.95045969495925
321.31228753061646
1080.2899287202722
1042.2740960892131
299.18767322794497
127.58744252167173
769.9497777056044
1080.3413457820902
88.58846234910948
1061.232383715221
33.529650790192136
359.12827686851745
851.0754903830947
359.8539257137878
535.9952972503505
837.0514402106885
614.290858136229
1137.3721245478857
155.16524627726005
574.9993700579391
257.5388258041704
1027.906881284656
472.27771161283493
468.2222626760628
819.5221075608563
255.21390614638858
196.2306427056875
960.9740319621432
547.2462634738094
97.19123050870826
562.0800616064763
1263.71932192238
403.47319214147143
-27.539389344166807
431.09946882365074
943.023237837521
456.9189780421533
837.0514402106885
20.473192298150707
1396.8680115457819
550.839367926239
525.3550518953555
478.3388900449762
837.0514402106885
2570.601459409632
174.62499362855783
244.38168842963103
264.05575193453456
183.64631690355554
435.0434851009442
1523.395697539464
193.71329056125478
152.09706211246623
682.065255550828
-543.8135706322639
329.44699316343156
1340.7277698045846
899.8539661220706
240.52652251499399
396.0810265801749
389.2484338915252
275.4107029089396
-127.42762280152806
-25.203908717744298
1189.714735630933
723.1232713034323
417.3696545600031
1125.4030198030218
387.2826595693422
523.0690582582931
1283.728286728605
-463.1067306277175
437.2636916508552
1705.9587325665734
1097.124153662246
574.9692146114378
54.34186678356252
119.40043727982243
1030.8473958194938
-69.55989727658607
131.32326588044168
767.8251958383124
429.4628641286464
1000.2534443417132
1336.2915707285886
482.58560247087246
467.5428454445412
20.050395426615523
666.9302582524874
491.0842706623762
-107.06598043051326
-550.6732445742132
3.135700510390734
266.2131305579196
-561.491093989533
72.40726477199757
2069.0723878707577
525.753213405975
1355.5316058800681
591.8697889259344
1191.780825392037
454.48858866548545
242.87332675617745
482.6248672287907
313.96145924255916
191.38391531451703
671.9852938511867
1111.4081593674152
572.9391196809279
267.1326877621011
882.0526754982195
628.759693735221
-21.72386493841873
-100.80786110890153
1713.2321506181634
83.71668711126517
56.68585976630709
-46.97021300718609
439.0378992712209
552.06458138705
-339.51173725992817
-95.18419979365603
1877.4956706582968
326.38576673802083
1669.8908902063724
223.96410045034645
754.0020910878536
585.5874015712495
501.25018288276505
85.45906996946258
710.361286095505
453.420656689938
680.1803217078037
1173.2891026357993
70.7236304895157
320.37055828793973
771.2929386868802
1003.2747072006624
592.0117917467868
397.9465028839431
-14.678255876551816
689.0540299363257
413.17884362155473
71.8651556072665
103.83594710268403
667.6407938306638
570.2939347592496
-529.895796097949
523.0472486760115
168.89604288939836
1377.539513533983
219.3696065165334
-559.5193427656052
936.9324856178284
33.00282159533322
577.3314873469891
1538.7704292639694
5190.572347011673
91.95045969495925
-70.38076618350112
263.01915958467544
732.2865749899623
597.2196681250724
-44.85658409583209
837.0514402106885
1044.1130698985255
113.29219626283907
-79.38415540060714
-410.0918878562052
1059.6110892664733
174.0721998316111
407.33122682139714
441.08738663214785
698.613169010391
98.90886726481119
1454.4287965177393
121.6743989552516
653.246499521753
2701.686829651107
837.0514402106885
297.9286593611547
164.7486411463409
331.27324421625826
1150.0252697496558
-161.00367974684912
2443.1429820588155
78.25993484849175
881.5149990942208
601.9349909641545
2233.418404062081
392.9231906746985
319.44031856400863
100.10744334789683
811.133639783807
680.9374725520362
1812.3439235493565
687.704119106233
2542.735089182186
1048.8260879232816
275.7265788846197
173.5719262880824
417.96926897251956
-362.9799451177587
837.0514402106885
997.5212008241203
2217.2255258929026
837.0514402106885
308.66479984171406
-73.46013719686437
1803.074355041327
682.1001860708978
925.9360239839184
35.182997743232136
827.1388217970448
570.2939347592496
183.53724706754588
926.189189462712
514.8750723720084
614.6908777865483
834.0220297844704
735.1542127077622
-0.5693405349542218
505.70387502275696
2539.73274934686
154.7913879344452
353.5001180161687
837.0514402106885
287.80722735178165
837.0514402106885
842.0983465543623
756.510388059153
-51.682396767347086
-109.2709659760119
1120.4181201459983
935.2955779036961
308.00138104459984
117.27988087415588
837.0514402106885
559.1642664921587
837.0514402106885
113.53323493147752
786.9739123548277
519.0887151947389
401.56017501986264
338.80836759923585
705.547146390787
17.308107727974743
420.63447535475336
1578.2551652470952
860.0169552973512
1624.247513523624
621.169172061303
-182.45971788131783
139.96762716995306
1947.66435252959
613.6475733549394
231.13458066727708
659.0871362304032
711.2982258650857
479.9633506924441
405.56639595229706
-166.40111006241852
570.2939347592496
-72.8077226136802
410.70902833960713
2232.777589230628
-256.9727620207152
837.0514402106885
0.28221284016399295
1012.547074614466
896.0997150189141
-225.02710830712522
362.9148153676766
2375.3220279781717
195.6425537853006
-295.6328753266182
2373.212981220553
996.883428549962
211.88787317019523
-118.9080826430037
639.0046860947497
298.5108507025525
996.5230764161699
880.4092025723835
319.0155442660141
464.28514484952746
489.23598133017924
700.636486404374
536.081342238489
1575.7650946841795
415.1246959925667
1796.9029926904363
758.7737162729379
803.3949152419162
2233.418404062081
991.1725633559197
903.9758903504037
160.71079964232968
483.7536128571668
-402.18755337716107
418.27215965620314
1729.3162305799347
267.44788746217705
472.78997260213066
232.2816115350605
662.3890418918478
257.62864065337897
138.7667118926763
435.4096136089899
596.8658334495148
1421.9168835957084
1378.5219221048753
515.2467469457088
381.49196293664716
758.7737162729379
1453.9143614263862
-251.4360561556607
961.6348105688836
431.09946882365074
1164.0446304116
596.8101564572005
2364.802259576042
837.0514402106885
1089.9857475526696
839.3570250384096
247.79947855401713
56.009613788507295
598.1933403476189
690.1211497607335
198.46461245620947
878.1719582260637
238.01167570528332
-178.86216117111053
82.96464732254776
425.1507910545889
1312.3393695119453
837.0514402106885
340.47316082203315
961.9460259368038
1336.8425471465985
-263.6578348948235
94.57259172517263
214.63321660051258
455.7417022064021
671.2125728554082
837.0514402106885
-1496.9050613872134
381.6070292552199
442.4323641194677
343.43097241303343
678.2277861937058
1378.5219221048753
1156.5571532845627
753.6282868887395
397.00063976831564
1473.4526497126349
2006.8229640611576
656.7771533617145
926.9977176906777
831.1852939774307
2026.3079747120178
162.35067366263058
423.1262631301879
-179.61792514960507
1828.2190430909677
548.2501010535199
981.0554939671006
14.974070384779566
221.2680917103346
-235.29344798825787
270.2383180270456
867.3831153574315
-153.11919594756102
88.97253938596168
-237.06613815577452
269.31960051472345
302.02875560625716
-133.56179773666452
68.70410770444516
426.07821013777345
385.6201846547008
276.51727563379677
154.04143816399483
172.2378233848508
521.7843708729943
645.9279198910442
265.9806449631559
-52.307416137422024
1954.5921160612602
1103.759407650673
428.8013654081073
-60.78868320994127
837.0514402106885
199.81744887866148
1251.96820527935
1547.6714574259522
671.9402586199575
642.5647222004237
602.557586286981
769.9497777056044
558.2665968069812
73.6199437552915
659.4669394592943
504.22689561572224
888.087028581693
921.1290656531435
364.9679850540994
1104.6546658931466
544.1560109882557
114.27056270612832
621.2004685158738
-552.8899397396365
551.3509428944625
264.17202509718425
942.1105221998386
299.8288169708625
-262.39185994235777
912.5307236719125
-233.75402165929722
169.6792706327542
184.48221059916477
961.6950433099792
764.4510208155248
3676.5518394929013
-15.660151690739099
-74.63107335441384
357.8568083879494
304.6341624737074
315.9531915801508
2573.711893178677
1408.7633075627887
249.3724967657772
-240.40492690743645
-1.4165377671100714
643.0979699604869
837.0514402106885
166.07906563496704
-83.98504371392005
2880.343227984261
264.2235296293554
501.6404519294524
545.684982314794
377.7240373534156
1175.976638578564
1858.1261478777549
631.1332622012216
1540.3176220769778
498.04030121709457
1065.2909270691337
551.0776458668009
136.9662623607727
602.1106443613452
184.96518582067017
852.4395872251545
1574.5573333796856
812.6614370183833
1047.0469943386468
192.66457961286392
240.19911924371343
184.85118267082316
804.9836603392393
806.6671050756134
-196.7402361858094
-37.37438176877481
46.73099889361288
818.7629985257064
6059.107797078965
19.43450579689636
253.19026624481296
280.0434734777151
512.092628305726
43.80563632656424
416.6430785488875
837.0514402106885
-223.41275878280976
837.0514402106885
1059.2540678197597
381.49014992277586
77.54197425077359
423.47187623513213
668.488656404669
194.78012277077244
631.1332622012216
1099.167179718856
879.5555042579888
873.5757552047102
175.897214040795
1479.2708018588219
1140.4966204561501
980.8466015592733
229.98570199433698
420.21438482044925
236.4219324561949
971.2452098436098
837.0514402106885
268.7071735834156
796.3641726302444
294.30870815538856
1198.1980402920803
245.2944367969368
201.15521333954223
839.37814671604
1046.8277670349269
294.40573744625783
290.19578772346404
505.70387502275696
294.20987193008114
309.63256138439203
798.6039813314316
-336.5858767250106
214.6959403699974
370.65555481999047
258.8312539322619
1002.3855850389627
-630.2352934243136
655.9957624716011
553.6763112699655
263.84336679318926
416.39083268525735
507.94709199634997
145.83523504406912
1636.0328430206034
1140.442627668789
232.61467854380908
1564.4578161579325
1337.2962267356697
1120.2182803011049
837.0514402106885
-20.545362623469828
516.0115135973285
549.4199657307356
837.0514402106885
1064.485310734653
1912.2509684089669
903.4407291921182
721.5523368695153
578.169035853815
1119.938283339504
541.0632477049601
473.83411122222503
-39.533252000760626
760.5756550091318
837.0514402106885
1847.275516118649
-110.38501212404674
820.3455501278099
919.0904106771228
788.8302144947982
204.40173806883433
846.6669646487285
82.76594176218578
755.467167567502
1334.686932865853
682.065255550828
230.33163304884522
1508.2579516498463
198.17283909319326
642.3272731005968
648.6177765018474
1343.4732823063837
655.9957624716011
238.56303155723685
837.0514402106885
686.8981706290132
729.3036181812379
1487.3613638220036
513.2277010222264
1829.2696188068076
622.6515086698178
897.3542907556039
635.8526801561637
388.21667201409997
194.7591411282366
126.44928514598371
601.2191936553434
257.62864065337897
339.7949549537583
922.4385838879912
2431.277300654873
1088.593108665387
619.4224349442309
142.86074343315
336.5399916088432
146.38569282388164
1004.232157514384
286.3690687701844
780.351265206581
1839.6290016161277
411.02610282619605
394.88636728449785
663.6417486884188
502.55531712990086
545.684982314794
258.44105836877793
155.50706924688689
324.04607945902285
506.649713822589
507.49269585444654
837.0514402106885
28.31244865707879
110.13621916342402
691.161927591447
545.684982314794
320.4762300108871
2854.2252775541974
439.5316250758381
90.99075024759168
403.8238207344573
579.1370066639407
164.60071583041872
356.7117583889816
1971.6357333479746
1414.521808475958
80.02080080364783
837.0514402106885
821.6534096649747
-192.9126264787294
40.90836754606505
286.6737317059583
150.51473463449997
400.7081035822612
362.53835062533665
837.0514402106885
1775.825444713069
831.2613612265189
69.61945596895885
11.52183898572946
350.34008891694623
913.288358760889
38.65228552588394
-117.76044672495073
271.67179203903265
662.7494772849203
969.7391157773437
713.4470072690618
810.5797917004182
721.6957761872267
543.0365709511645
-81.05800178457457
-66.55880433114953
451.26609812876586
565.0146435429199
207.03198332782995
794.7234538344062
295.312928559169
1609.9181845454486
738.5604538100424
548.1229259449356
797.7113436520449
-71.42526862783757
442.86058353369043
373.8773712074908
535.3153884885115
304.1560784769471
1070.365339701805
-61.4287983772673
98.22561678745149
1365.79924074995
99.29143952960726
489.99824280450787
359.14666430197497
299.16410701201835
95.45006103761864
738.7958355902318
791.2561720056195
796.5793889947935
-639.3555824370249
-104.24063635647622
468.86318492663355
1689.610137382468
810.7198173624222
-317.24161819203414
473.5915718788195
1943.8335190838409
23.306584682277276
1581.2853194135491
545.684982314794
637.1473592677557
842.0130558152301
350.85526819701164
692.2927747984177
88.29186121043415
269.67659807254904
740.0272087119631
1283.6230482605074
354.987867115408
327.17392272272417
27.419718629688987
275.72834105154607
12.583521423300681
146.18128800590262
609.7067961556934
583.8765151820303
-57.33480403331987
1063.1780197776252
865.906240759612
695.7827284440234
1398.5912657052934
1269.3058256480767
489.23598133017924
381.6772940682608
600.8034966575906
374.45301432729394
341.5285321467244
684.9175031020474
826.7170766386754
602.9970868548739
619.0974371902182
-32.146967566423086
1591.2905441492746
1120.2182803011049
837.0514402106885
-95.89523982434275
1706.0655970171526
650.393809549244
633.2173678086953
-93.438865583601
329.1730720151493
50.43581679648537
2375.3220279781717
208.81450004824978
765.6227327988244
774.3091138344986
543.6515756109511
837.0514402106885
52.82200344065711
771.5089559473683
778.8081203398117
1069.2526113136805
748.2567184801213
270.4654833682828
1266.2223442116
-83.03882449153889
248.69853619069568
897.3542907556039
251.32653283806246
293.6816930338899
631.3878204342188
1271.7763510622462
813.7161145807306
230.0569792579431
819.8160449059201
907.7418335481742
594.4102878458258
1018.0594585196848
777.7447259701607
412.6924974439013
685.6569130835294
548.5290638779919
-147.00821279302465
872.2879756834739
2041.6419173756512
385.48947456129474
51.721922186541406
428.6156287752301
64.93846420116233
68.78367322042959
-162.5671674808059
720.3139873815734
1160.1615936384826
743.3656838500119
68.6574280403322
588.1026948571198
412.80105835372814
-47.79737526970689
149.87031148074254
1088.8801594938107
490.3108136314428
340.6488260164931
837.0514402106885
1389.8068254384416
975.5606439238702
1015.2134640954819
1227.3735223665265
-236.18183651010577
1184.3735446475766
897.3550371825111
432.2407634395283
1097.8716152726327
973.8456867083719
690.6631636800923
353.7559165722418
-36.27882302006776
482.6460251725141
-96.65608961527073
837.0514402106885
191.65900103629485
837.0514402106885
208.07149690900428
528.4404444569907
1103.759407650673
570.2939347592496
837.0514402106885
999.8342483795741
494.9714627449109
277.5870330652749
637.2229009946282
442.86058353369043
524.5572841767064
-91.49283650650159
-149.70568802052105
1302.47003052013
757.3199505683258
-132.91537953305954
1091.4911674956584
641.6165540920181
-65.78770277588592
844.0213408068709
160.9731090967192
351.9521496843454
527.2473578353523
268.2977046663923
-484.4483139017693
-116.7298352162021
-110.39075352512316
716.1209820147537
511.991093259942
-137.01524430793393
68.26608907653372
858.7524236986969
993.3155255568455
70.27496565419256
2539.021877201947
689.814047658839
597.2638677968824
640.6203382107101
454.0222819861666
837.0514402106885
570.2939347592496
397.1935606395216
1193.9947710459792
477.80234908980225
614.445260961717
155.05166348819546
993.8404949958297
-37.3270851096172
1116.643841098105
443.06369497905416
271.301729156424
339.07352218420993
1022.5105406574876
274.29796706931086
118.57060818882087
748.7323233383614
494.97311403685075
868.6949272911728
67.43519462553729
464.2422192817539
731.0138720998654
2.2541234595311153
843.7112999535556
460.0741031194707
-24.943758814411808
1848.9927091980271
1175.006223570986
618.8522082576662
95.82360139027355
755.467167567502
1383.2160533398226
662.5322764060152
518.9743981390747
323.4699258144427
1239.482083782573
1161.6873512854934
1215.7342902535634
781.3793196009738
889.9900325192104
50.50015860922667
858.2716463249811
23.0933274275053
570.3269016242082
865.3669516911727
529.1319654794443
837.0514402106885
51.35567318698236
177.9143314430313
472.9802598723143
238.6688470750754
1289.7733401729324
417.3751138471076
416.76805364999376
482.6460251725141
450.1293225410384
322.6266847785487
159.00324736401262
417.3751138471076
745.9191928496325
877.1292151557598
967.1204793343078
418.7270850855029
774.2001380487443
373.31871681910536
454.17219057879385
770.5976934956831
689.3744604587824
512.7711248833978
1395.4397517506118
412.80105835372814
585.9167867246832
-294.4703282105738
609.6201724869992
1156.137052116449
658.0353641069719
-161.26755146715732
-239.29674751486255
380.3207614404343
541.0625116106837
1268.399700922552
1254.1265605959766
300.40086085142855
461.7352349464566
545.684982314794
1478.2632000408175
478.8722169391431
1810.065057807956
2607.023270774289
793.9684317081344
439.284485231715
633.3525653080719
829.8990182835707
328.0067804885988
340.6759143167032
-88.88625650991582
665.669588651502
542.7527815629585
1274.2069494714065
3209.0420899614846
310.2333114820083
572.1654080458468
-23.44401802854543
709.2336482276377
897.3542907556039
822.7183539931511
759.2439839207955
2280.409982693236
336.63126654384484
1468.9083073911759
585.527512264499
1087.881623827763
655.8336731855468
219.08973152474255
869.3714636792301
1034.330319046383
1493.6814461250601
309.26720794242533
601.0373116901927
529.0812252698545
391.8836199460272
20.501906887877908
933.4607295548269
124.99696972682375
210.58362885610654
459.4358687531893
502.9885322600078
234.47903043963686
1201.7246474504666
644.3612525750164
704.4750224537925
32.61474941693007
395.06603909984176
257.62864065337897
774.0598193221368
337.8294727127112
1684.8626834179056
-263.4016656851686
200.6261749001169
999.8786390702778
365.4426389105101
371.26303512550146
946.5629567121465
709.9063946968213
296.3016051495164
559.267150897585
902.1347287119189
1197.2920205284793
-118.89401429418149
2064.3530852153726
677.5855444053445
837.0514402106885
58.2575250536579
69.88048859960622
744.1996559289372
536.9790954286593
623.7569380402879
947.7394993459201
2042.0379910100703
270.07979727039515
448.81184062400433
-49.96933541564795
-287.68455653412843
1099.167179718856
-87.3752891927129
601.380200716967
603.3237057424875
-219.06646676236437
625.1535787659858
564.5690315521257
837.0514402106885
655.9957624716011
0.2380171417814836
39.078705755861165
180.93499818566647
-140.8868220272259
702.8711884535147
365.4426389105101
808.1130281122045
659.0647355326998
163.6937321111334
-32.41813002203901
369.3769467187692
308.83713322199003
700.1787427114045
192.15950752392837
806.5248706531305
330.93033057042237
-465.75361682073617
621.5870452331694
320.4762300108871
68.61239996188078
48.11899942146533
519.4872343851339
711.4795277742337
368.7316781976324
413.58740093146895
225.76000427841575
207.99029103344753
669.4436317282705
534.7631889371437
1087.9900160505313
1258.4776514026107
2600.752681033416
5.697739114101637
208.3905244204625
381.0775208558328
750.9133832644259
256.7119581094448
907.5218386418869
1187.7447306013585
386.68272659199704
225.98636694786455
978.7509850096692
725.7865177646491
390.90730296959316
22.18022043728911
598.9559912399247
1289.5700790288502
410.032199315241
1116.0836924325472
108.67800651806829
538.0422803359727
674.3718802265097
-458.2135394296147
269.37441133944515
374.14869411182406
79.22302982634722
360.2195658767965
934.2015623818252
476.28452938954933
840.6451155259964
1137.8056709069892
294.04692052101905
936.5633620144555
1461.2874269302752
353.0164571109277
545.684982314794
1302.0821686181162
377.8849379710945
251.2833223161664
245.40998905307038
-34.42484643397904
-48.312204170811356
376.46002512018254
1314.7747409646245
334.55202511559156
199.84867933532655
755.4111605302394
430.0945041889131
655.9957624716011
645.9953547862268
723.7132049578385
358.9675803665864
1237.2475529802941
514.731859942782
590.5691182904637
837.0514402106885
-102.26820944591213
-147.4301649838343
-156.42349060175434
-91.00588472882202
195.49198862405785
70.85083828002121
-123.7327987178063
937.140799911616
551.4440793517804
545.684982314794
1522.777435564083
479.51001675296595
281.3435390679525
