98.38684463096348
-54.31162585044433
-249.08683882814006
820.4930033988553
251.2021208970921
-115.48435845336331
1314.2947556029737
235.0874048791218
-203.4691765253546
-234.4176474158415
119.91125960256616
745.1838056690364
39.197040961163395
377.146162545207
769.4085819782856
372.61424429637026
31.491903015148978
85.33207484718758
-39.10996590768974
-63.233906872451314
306.1538384774039
-63.39045192679259
394.9379422702318
-152.3038028072677
106.79890229535664
1680.2304037740091
-171.4000660731852
596.4548643433236
457.8700862847663
251.0860262488003
-313.4282794861778
-646.7101387752687
165.74515890846476
865.5226543992853
1015.9513043643685
480.6684139213651
85.64780316095425
614.3928025594427
1170.9647032235125
-240.3118652504034
1757.1549034850805
-97.75713428837366
-366.0720222533917
-228.40837899295963
457.63780412201237
-40.769097467679615
77.95176206066623
-3.3086928975500314
-116.25507963602712
728.570965475162
2511.6919664626485
-189.3802403252326
204.63902895228375
1396.5531596784
212.98780627056954
678.2526807381979
113.27533298930905
2724.525152069002
75.62618990796778
996.7056243911056
-518.3600095473932
998.5605241915857
636.3320291476946
-42.80074114628934
-186.66266068734416
-358.4035319607762
67.05694254197869
463.51351781891805
362.60589395048333
390.95311873386026
886.5946155466643
-6.899282920467101
512.2387434491029
-5.413141157906523
783.283923620164
157.41533342245282
-133.35644383309926
97.40474780004945
342.6976024204603
-12.26725733834877
623.0548813415185
256.2147706862087
202.05881270064037
-0.6544650331431399
1425.616042214032
-74.56206114606692
804.4534825923504
340.99901889005366
36.520993448942136
1140.89912886828
776.1390996633095
-28.106095205165275
1.747870194987172
1921.7035204112783
