1247.5795752284776
-38.075267232711326
184.7740303453839
-84.06698943862287
-375.5752581353304
-141.7070282818659
1423.732551062267
-169.4778821679948
27.385582688054313
2034.962307874651
271.4375836018191
102.94932063510632
809.1396643401201
180.80654161202057
-443.2655114467658
113.86912495762213
34.038804820859795
-324.3877179749891
146.63133907327185
-206.95044928470614
163.6061775209456
575.7260046543173
347.7905623879012
-6.659004740251078
611.1275835719161
-71.43523889136446
-11.497475721488257
104.21009525183642
120.78787085729951
63.39702099674003
-345.1353984454928
737.6959155583279
17.554555500291862
-94.2474783767207
-480.2803896385361
-192.90204984160866
423.603955977405
-448.7330849327511
-12.813421839708639
33.102104083162104
1204.8415909649618
-103.9415962764181
151.20661197622852
1534.0246189864831
-66.69276227509945
-3.073115001959664
3.52772561536068
-87.67275631452952
-122.07221679980628
4522.953449137562
330.1062995768284
356.51459228258466
104.91415237861402
-331.38882378116307
-588.1138916330128
-18.167843135696643
148.0532420324472
-10.948649402425843
-171.2502521393585
-554.6710395640787
-2.159493665340264
1642.5375529980129
-23.45902316981487
176.64086934702223
-46.553353565197455
923.9469616708063
531.407988732307
-261.92999121811533
75.65494622575434
204.778273990917
-270.42354214020475
-515.2790041381883
-33.45855464449643
-7.545371359875247
-139.37218938447515
-529.4441900109416
898.488032000632
-72.43860551274952
170.10090265290984
1387.0626117183463
-77.6959921938554
2984.1457106788016
165.66608963666903
52.506767771566665
600.3138024857393
-332.71612490299674
166.50020201688736
273.163473928102
369.3525695009032
615.775475336431
-255.7240472526731
749.3258350831128
519.583716247229
-178.33996616798703
-442.81161463329806
46.10924257291964
170.10056852027617
8.547624610334992
-227.69852303973713
349.3256824299259
35.65753604021012
36.0556351201655
94.15311810648272
-194.58169572505253
1038.7454286536156
301.7769217217789
254.00397254651512
-21.224650840356247
-406.17712909617944
576.036306720517
250.5064661805321
-311.21097450268314
-183.1924225027037
-451.1610286856496
239.07096240855313
148.48550709281696
699.0406544536021
958.0951026939823
21.981294167721686
-88.83793823079822
-99.4346749230231
-355.1667466896288
5598.484656161079
-69.10118174137065
-224.2993783839748
306.50469247022517
210.12433883117123
116.74147719870268
590.3956100386029
-105.02853758038322
-499.961752303176
-392.83932669326634
-194.8367882358494
169.26256240244362
76.9180639068939
28.460340175096036
197.62713447032036
475.6215608517483
52.02235870468882
-381.5023161439144
740.2493493467376
191.0610692456759
212.34973693304613
1051.4897980620838
624.3861456385753
-311.59223717217515
1030.869821230245
-511.3218540750239
-86.11889683072695
86.1849643367573
56.00869713260765
14.858937438886684
-310.1345018696825
-4.72701267013008
233.91214936168413
-345.3725557502364
97.56609685084943
-351.44437693172347
-17.37851173781405
235.56784105471274
-122.5638584519937
372.947120536639
2453.8639556921003
-33.29739996938065
2602.2578956278803
172.2323089384895
223.27257389126478
439.15954556592453
-252.09591417408538
265.1133541978994
104.91415237861402
46.735063587092824
265.2399656098131
1112.0695349292084
163.9003495521255
-124.6932903626701
129.401856813713
303.9402849507227
-338.67868553146525
138.84979202843098
-56.86842013568051
178.33901426663434
268.6871996969454
-128.68193986665565
-669.6392818585182
-22.075969301589694
502.48240951774005
-184.4703968549189
-75.94681284325489
2527.305532427489
167.28382323889264
-30.758158361715346
-431.1109378492498
-4.011291404776571
54.59829578187464
-239.7719213883088
-513.2785141775089
206.504626414127
116.24547807230951
-330.6991313325815
345.89685471726807
118.36149442869532
-157.9260849186435
144.05043503100927
1.459288498302044
103.26725467916312
-335.5627290036997
-166.33119033882895
-277.2601426756074
-124.6932903626701
813.82568278694
-415.4871818081042
93.48142021542584
143.5981461219716
-232.41276638180452
252.382510736982
1494.8068453458882
-74.43142607631077
48.19253678841514
614.7915733101132
-7.337915011044885
-137.98911354883822
483.733391141471
62.28326680912374
-473.6771108819455
-18.024911980084113
-93.28530143027817
283.9663115478638
1986.768024889125
23.101951689589377
190.58163971781931
270.2131557982863
1.617718801169275
438.2280446546705
-172.6272951623505
775.1424727830209
300.31551017387847
-403.4117514423599
5.451900953530156
325.01033009934554
161.039270072985
115.15485601476672
358.9454571225275
350.54309273930903
250.84889082074685
-86.21341718465257
23.91802357013814
260.9004009858339
229.603041328998
399.23129638914634
92.50685849286029
-53.28436354525755
378.94243826253535
1943.3481402703942
-48.77886947910051
219.04511307917784
787.0949374425312
305.0906914072666
-388.8761354856881
982.190333161266
-121.04069030196038
435.1781980365795
3.0199093553600136
-32.497730517411455
19.89280142900892
0.8009915569360544
603.3898724312243
149.8266649737978
-154.47300560437185
-157.65764833565672
123.1335927065961
33.20991250802422
73.67340216687595
360.89816101810993
972.7013328449306
259.28131414992896
520.9169034811082
745.4443128446915
41.452835150086706
1588.0124284082394
-133.4461794776282
47.361409103285524
1143.3261623197484
79.04365785106668
-87.84866127856984
-15.349043250858358
-293.9727985771068
-65.14616882934962
-82.63506041496788
84.65624098633492
-300.67648945306416
1396.8131011886146
425.1497492015633
1918.688232057571
400.32840976994123
-364.9185643963341
100.11231305823473
1313.524740421966
262.1943819199256
-4.741761323450746
91.28100621572293
-229.12607625387497
-77.6959921938554
1675.7215565994366
150.14054137304947
45.17074397314988
1741.8642415815902
191.65426766309514
263.09209699029486
1015.170551902
-47.77868005062541
-155.50368132746937
495.13706860092736
615.0912876727917
-326.34768864046725
287.1145701769044
-495.69875229972126
-92.89815681240677
414.9765294361389
662.4541029496501
-392.60069616534645
425.47638905135886
9.419032480445523
188.8256701868819
1413.4821294803169
369.4383152786613
-133.94268589987107
-259.34870832693275
-295.75659278279295
779.1115211289447
1589.1291963189274
-22.94824531235696
46.84474117473667
1688.6751219503765
-88.49862124333978
207.02261384985073
-176.53190297939602
75.82898446195422
510.0003345675635
701.0297063677024
922.5537893105142
0.11419139236244291
75.65494622575434
112.95049454136029
175.73762112758416
717.595988746427
278.3983697036748
-69.86930230183881
-176.77448872993486
-56.310290965716376
-129.39731994579753
12.835788150991029
152.77954323977147
-324.876535701977
-2.6130519371374987
259.60538794430533
-226.1388044449532
-181.94962061846454
425.8915261436589
2081.7252162778905
-79.6473885847596
412.03186625140745
65.88489777214153
-37.97654756346091
-100.63677701429927
-156.52208852703504
-299.1957043846761
182.62563071776478
395.57809645959185
-317.2262872501715
797.0888661456362
600.3138024857393
503.43250998370866
6223.312139286155
218.68170585212184
33.605236509001315
-65.7053627208162
116.74147719870268
-26.847579209670727
-380.9021975491412
-152.88236259180732
-144.43067898215045
75.65494622575434
-97.70253537634852
174.0501107933447
-14.668809416184928
156.91332857083117
587.5724514520509
6.50194218864236
-102.41553730363466
-285.8760854820629
-145.7578410318493
178.26776363941337
264.0599151080937
-336.7438482082139
235.98502733624676
-163.40824212119284
-116.43899424378239
-292.14617221312255
11.904485321684675
-41.61862615564483
-305.3004439269188
-39.46563602908341
149.48829098620536
-127.49591775724
863.5013954723419
-73.21821939953321
37.26758391899875
61.77540142914561
488.5599352372294
145.32676854957265
116.74147719870268
-82.10582066621288
41.94168203562006
84.65624098633492
2051.9690461451373
407.1102925831948
-292.89130256160513
-199.14494960632837
165.1783348843406
-190.809375523473
378.7592727455399
116.74147719870268
-194.50480513410295
148.44008713317527
-132.89104798555
159.40419236731546
-28.559169499393647
-60.26837941670803
92.2735783052735
75.63188339093593
25.678072955339857
590.9711353460508
-97.406435178209
327.6644710968902
-205.91679336381029
-77.9961831117341
282.880907828391
781.2429021863917
149.11054657221274
34.56357610721638
119.75878500554548
334.2512161345759
409.98383995602376
208.1059898122024
-207.2534750969941
1298.5981995303368
769.5645210216478
-532.7168404137875
571.8692589742299
1085.5698865473257
675.8846996327029
-173.57421871689553
249.62510808096476
-104.67914639795674
99.24282539394703
224.93146237150248
-207.58511092281847
-304.6664686410445
282.90592151890195
-122.6834494734558
1229.0729779280598
620.93617666647
116.74147719870268
365.4228647629752
-318.77576938178015
1730.9961938632068
13.112291372645714
-137.91800697837286
1246.5824759136979
304.39634601735963
254.64415676388197
5.0818678840725795
-206.69959687485667
114.64841154678882
370.1990330920428
-57.56229756793633
41.770772134989585
3.506991266717989
406.47427197640616
-120.59569711714505
164.61864076204108
-410.0433756773026
-197.92011147591685
52.634271162277116
228.06631859977767
-5.864951970464986
26.648668601499153
341.06782583567906
-113.71015482073872
-78.05913301118701
-27.911548002795826
167.07249455543703
-268.1487674150791
1117.1362858091927
1.2727791633817844
-41.44263492035064
-29.664680189388122
-154.8151991516733
-137.58888898870674
-302.23658766266124
-168.74366051039956
-166.3559134382972
-48.47526075962847
75.65494622575434
-41.64588999005841
-68.10070949664461
-334.55899230176965
480.0101406759069
38.310461320536916
-117.1333213839666
75.65494622575434
575.3689587441451
681.36629610277
-257.84977613477463
149.70092827798834
-937.2460723993416
-908.0093434505352
120.0762578331084
101.93301000171301
-322.69658633670554
924.1507765019287
-199.06034673564173
534.8799637919276
1439.701355172413
829.5750323416047
467.6508119756404
-94.44424018050117
-202.53831964511002
-279.79532692615555
-154.02114187977364
-16.022997638271363
587.8389653755779
-31.65268689421832
-2.5069071147394766
-130.0627618139218
-6.663971375708186
145.96227163649678
48.13240605852431
-303.43251888524503
-206.40455362379154
98.30262258136081
-128.23164978395567
-32.10403735260715
1538.9014273123382
-282.5139702315439
-135.16808481040084
50.50876085806439
-120.20020187076719
1147.9787292387427
-426.07625147175577
-210.8528596030679
203.2881191706041
-537.5963007427093
667.7307475380355
21.045039004082817
-185.81700509176633
-188.3975576652659
-171.36312576976556
-243.4935482370855
-324.3128737545261
229.603041328998
398.1020123236108
402.97797260332175
-223.0510152153814
-113.19036984780374
437.5708096781285
380.6227887365296
1511.1780788806834
659.3903809434343
246.6828960872028
-118.09774890340441
-257.30642000713897
765.2587192647261
567.0135617786592
353.3216555175351
-327.58037485210593
420.1103996857116
-151.60978676400208
597.4847422167237
297.25229273626553
-79.69328443143743
-120.02989641866995
235.03429260711056
851.7370608500884
-80.2431382607995
667.7646953475481
75.65494622575434
678.7882548199765
1533.8337456019703
-193.46904177708106
48.36903948148885
2541.9116745221645
188.2868277223871
103.73606188751899
440.22657097531055
51.979122664956805
-86.62864512354048
-314.6299734768735
-15.10409744747065
91.29775146595543
66.81407585779121
-55.99387092939193
115.66925742438417
306.08090091966
-2.3996976592948442
-17.634006918122225
426.4074403157939
-79.80337643571477
-5.575531217756506
-375.0745389979512
-300.445980864602
1294.1414683980354
75.65494622575434
1429.9417112781275
1477.993723280485
51.084028578928915
866.1848845331077
2.412785703323536
-312.15325483094637
146.81929378249828
40.77399945529981
295.9404240586652
-144.79609801298287
-181.6943708941171
177.46539807084096
-288.4102382750127
192.28068264999456
118.29267752501657
31.03132848570695
165.8712538453398
-455.0982753253054
1639.4600951710056
0.8040754364704981
-40.65823867467452
72.59180035013347
-386.04984129856973
713.8357938207756
-195.95210479730534
180.8805147964714
-106.44394964556082
-10.298640073824444
102.09739149668088
642.4285970489674
71.53573702495073
-91.4174751184064
-298.61989704443636
457.63740827360266
-19.23003844381816
-519.7180376291839
284.59368868438884
-142.4834580765932
-35.74511882440943
-405.9345079747235
117.21702647623762
-303.25101353911384
125.47502166993405
-50.879820577578954
-69.0454173314981
206.4422760245312
185.96767375921544
-136.71770969167588
-71.07156032479293
-108.3945029222759
-200.49487015079617
181.28642708465503
-502.87369919940784
-293.1411493316492
-306.826334795408
58.568376408963985
-110.15681815411094
-20.867249246246786
179.45264107685148
-222.94975109239581
931.7277794765816
-321.9787604838772
777.6035266931185
-237.90060749511466
48.777824786591026
-278.8655122046139
75.65494622575434
148.18101274072924
85.87065410266396
-333.4794424048753
253.84120748350668
-53.42587233357685
-80.60178067119003
11.243054984707015
-387.1536158482995
225.99671461936632
323.3729240291997
135.34782225684887
-11.58776263909867
-0.7041894733238507
-281.0078357517875
135.30562577279068
101.12391941704914
-568.0164402721243
628.8752507539916
-197.0716034542689
88.38007257977395
123.66489562831363
-227.36698160991202
133.37227240083917
552.7443623297531
128.5332101948814
-9.16122744094477
-301.12592624334536
-204.5294759025073
-100.88686265489318
-66.2539990803468
170.6609749061654
14.35514462530427
-400.6720911901441
341.2230940370355
152.79262036352134
375.19614054313286
-31.050560439635262
-162.750332785527
92.08948485839632
-15.08126308230274
2.956934193553934
320.6813367519072
553.4687586833197
-33.170240193297985
-28.140984161094394
-4.741761323450746
-230.25437412863405
-256.5773385771341
582.0644042266041
415.83580617432756
-76.69835622222061
188.8603759179448
397.28010231507096
19.823877599288593
1132.8522641518493
-279.09284957568866
75.65494622575434
35.202661805621396
-331.7822173344132
63.55443705420587
-325.36704323026004
-113.30125122105491
-205.46738450057566
75.65494622575434
299.5416266249322
97.38628868906153
-122.06304082598604
697.4505666036443
433.12385772357754
70.40393625150705
212.73311559675335
177.13647844226327
75.65494622575434
-156.53860170390115
164.4151091538444
611.1830334174107
-147.69615175553727
170.90667428079888
-41.5045740088636
1104.1656024897984
476.1997339423008
-14.712097688823803
26.600189675867618
-229.20225637637415
-468.6335504929426
-78.53498988336347
28.458832158846057
-146.60952469915694
1155.0278997431349
-204.26941118436352
1927.5019478122465
144.75218031810823
-252.4863911570546
-76.42993212444057
444.2115140392151
-321.79480230544414
-18.129543573865007
497.8206560258984
-65.54344741371179
-207.98101423360774
1927.5019478122465
468.0691315130899
-67.08177864799347
-19.99503729336152
241.6045109351579
159.51047344389983
-441.792263373497
-94.02579650728549
389.6830328753275
344.4338595037624
265.97313125428343
300.993590207706
-54.80032212690077
1927.5019478122465
99.16521953861883
1140.1217938735442
1843.4428545396945
30.954261619825616
78.92731411631337
-139.83852044735306
2442.1743902610388
-238.07412400105343
-351.6210714188162
-272.5992364427959
271.69938831702257
-489.8597630353098
-469.22156432707845
-161.82129957359763
498.41753350610827
126.13568934469089
961.9715891828214
144.9756955310625
75.65494622575434
473.32353397165843
206.1726940055628
3224.0503437830716
166.3902200364289
-318.82361061305176
-88.86565878961719
22.072515910287876
-114.7094142359496
192.2221310678974
4.494870801755624
-71.92752716103084
-56.354144872007026
118.61409195967525
265.01584698138277
270.13318824132466
75.65494622575434
45.23449055949703
1553.159738298848
-158.52066012365407
75.65494622575434
350.2561123967006
350.8483112077189
622.633821319552
-396.1384151962736
-35.24293278804191
-325.1836441333653
-295.80437201428697
-146.31570129826923
321.3360343146395
-56.94881910388713
-249.23751573500815
242.44463289129115
-19.237128375132286
-199.65194831224605
310.43307890129086
-167.81335535984914
191.4333914112572
-335.83331505717365
-173.70759708387894
-177.20540283497763
1131.911752805345
200.35687297142547
306.46016123711513
900.2422641162401
-121.68735548141208
188.2254806987175
34.278046062707105
-355.32458524805566
78.56575014006597
-340.88751160693823
308.6182870851694
86.1626669365798
142.37256807459926
-411.6545395942935
373.5353600476409
424.2753650522999
40.29351819557943
-62.104431523509476
109.15080351587696
-84.43735466704524
-237.38974665116555
-136.29775167965542
78.23968396607195
-458.1120229717138
128.7058371102027
343.3626370220984
-191.033438019604
218.34027132432195
-133.91863810972745
-141.78661334613636
635.0955293366168
435.4712663713128
63.28886799815568
25.47732223146292
726.684657821956
-187.79806250791077
2228.1761004169834
56.74740349677856
40.61453835838607
39.65950042934864
2359.7195364643003
20.20511855790808
2696.5845929199513
195.6613345398093
284.591344880592
527.753151564565
390.00348475331907
-161.34922991470526
255.66293989633562
-314.4132081183111
142.8895097907544
488.2824644206654
-105.34695245794319
47.66480838422614
20.063330579900096
-581.2188522942483
231.83336214322017
924.169244245542
580.338460164136
502.2815483691021
619.3643327431935
-83.16778958090259
34.81804107053509
-148.35856366362958
-230.5336720486463
-264.401356662231
793.987300199549
-440.96468266250383
453.47870383433565
-263.785371734225
613.0482151430868
-400.0172371613198
-384.2741186906545
-215.50206544202698
-328.42700451691996
-298.41529973313027
-16.967040752168018
407.0983012284207
416.974738796009
122.44596166770431
-249.63386201043969
446.62729999340274
-339.09760941448974
281.6279162099586
534.0787833709402
187.16225098207937
-116.99923971062466
-87.83698665611692
155.87613535768017
-81.48992541671177
-19.294119738399417
-139.6277017650493
-92.20685711901277
1808.6985588863868
-62.98956474289798
42.270792802047275
132.97940374990716
373.2255813070342
46.84474117473667
70.7005497439508
71.82659429065065
1045.1975044172987
55.85910608162075
819.4749121136553
-44.979665160732424
1625.1642983144463
-310.5777576606505
-374.50146391999886
168.93785896845867
35.749308785459135
250.70441869221438
-115.61446292670007
-74.81181116355455
-266.190230557523
195.13408496447198
-350.0056948880174
-104.43529101476562
75.65494622575434
308.90001222611306
-314.4132081183111
-194.19053613629418
185.47473205209283
611.8674084622165
-25.070929192477166
38.96176230243617
-96.42468207125668
272.17967762145247
66.3751937839687
-162.83081713465188
82.84913065965321
12.771812564252393
285.4782260781575
-102.49635114053902
-52.908106403687015
87.78778999885539
657.1863277657657
301.298618158145
-305.29384456865625
-283.4887584039699
448.9205396019238
416.8176806805186
392.1293944586307
969.2319637792286
-165.72149815746064
48.60035203535399
-301.431191582897
1289.7839252335866
-72.64765539482158
75.65494622575434
-262.5770059022293
-367.59823800535196
1339.4475267787855
-37.4536489439642
-22.61821557512576
-593.2994306207751
-227.82043167303615
581.0981043390744
-189.93336455979542
-89.21624554407956
-260.8289743644932
266.2205248434218
123.74662285489549
113.10400446936319
645.1947469579125
1601.556428552094
-387.0299886687652
222.2342690690164
224.05297481876013
-444.77835454585284
-99.03103822473008
-23.478729409148826
-54.15537790760379
15.189135497609861
24.049211284059623
-210.61417949705734
-12.372771782281518
86.24176945942459
-176.69654165581966
-389.83313344813575
-128.6905266119634
1589.2741072465058
602.1581590912388
766.6010196588555
202.60717116758175
99.86502126892576
-259.04256489480576
1836.2326812434294
1300.9023322613145
495.7640228172503
125.66027341890657
1552.8300128608303
-326.3295506942072
34.45550919791062
582.6818631674657
316.79029154948944
-226.76863387436472
3927.221032835845
228.10391499265705
-96.77865831865162
-284.839202089325
73.55465161385538
-170.31960295608664
-248.52226662323207
-2.533454892104004
337.07591526689475
1688.5401439037503
-336.392720554515
1600.3402221438355
1748.7937098309235
-63.08538355611978
11.121277540501083
-30.552836818395008
-19.158966769397935
226.43967427842668
-237.70942959904622
325.0248066943867
-285.04055307502756
-187.8352513170049
521.5135359243034
-241.3957966556496
172.2717646385097
40.31538875552147
410.87472820424784
11.19672296749215
-67.25286747252696
552.7342825344574
1937.120150054763
840.011450784645
-162.49844445287883
-122.02392936537643
695.6336417226678
172.83884070748672
851.8410078720403
106.7160014856492
646.7588482380867
1171.1155903045835
-25.862209818464677
-422.5445252560254
126.13497491409743
959.5924605733157
-124.73837468618251
332.5180214751954
-68.14281532454353
-130.90280750767207
0.2789977023498693
-119.98438752232914
-74.47817880035487
109.88792943025871
178.87800721295292
455.35324507543805
