-251.42779050117574
0.6729321291858099
1186.453463045627
376.36194536116875
922.6562909388824
185.26957817394816
-6.042659674361488
215.1217463269453
-4.707294970756976
308.94147914718553
541.761067691611
131.06647558538816
479.97854548377416
297.54548961752334
-90.47253920278249
487.1819745837324
35.63527179585793
25.484363630452435
-55.084426504800604
95.88226719725358
373.7577199947575
251.21125062146143
184.20574137937336
180.4957674574589
17.91102465525877
432.7636731787809
27.65030727169068
61.993601733830346
-36.72989483968226
407.122442171162
-66.94588822553942
105.98376086048253
219.15260402834454
101.58297080809155
166.3134153875855
263.3840772731494
513.2842949406419
64.40780391650846
87.17794493770685
-42.33868239084529
332.9177697867909
88.02601381700072
44.76204576011492
42.6806380802181
204.54019846097705
104.21264785903062
101.41147191226007
48.949765148331984
8.40216087939217
-10.877230114499326
388.41629365664676
390.55835863342884
-20.20436910908056
594.7251153909735
125.33127320944877
-9.816038642324017
93.39431041984597
246.40989257746298
322.87586833197633
90.94298645011277
1313.5577907622865
114.56027228292575
42.90371671062975
186.20643974790326
-48.52614683265108
46.64567369857164
235.73648959840435
176.48378794022364
21.02169078047669
55.676359241750454
83.20648166848412
135.67213281839184
232.10813677735834
171.65970007755635
118.74141298957225
-26.04631925614619
176.6720040308349
286.45811667341155
97.02700458280529
23.29672996654339
140.8390707614713
16.76802706405539
135.58245214475912
-31.517106829318948
38.64798413997634
-8.395245520325801
528.1755398342744
157.68839908035415
193.27779110863798
13.029530657765847
154.19403545426232
72.80066805950602
63.88292257441754
315.27541450500655
330.73370925890674
174.02498546913037
113.19486522777932
212.54697011530592
-41.02455668121213
-115.50959910040774
239.17155553844592
72.38676497474148
105.50085787993615
-17.753451365989818
207.50639619903865
75.79900724029982
372.3042876986043
293.1493836358543
105.70235383004692
208.25862048679664
362.8959020286609
128.25054413776684
139.55957306412714
232.65206846916527
-23.327386322232556
-12.3247390158663
330.90088334101017
-122.05560671981257
23.406632759585882
75.342074904093
97.04291245001806
336.1088277900019
92.29649314197675
150.84590400264688
-83.24910315853546
322.83241527351663
403.29542492136363
291.6191420650056
191.46375722115042
-47.67542275937174
160.61188872266655
30.70310975048723
186.72966740365524
100.15351315692483
766.3686701871536
744.7467653928949
44.91031939247229
556.6969476832207
-28.635423494930052
94.69139901899477
66.58007728744494
127.68871035471292
105.06915675276282
336.0109679582916
254.42574098224486
55.57560716694984
-25.121826574191147
-31.35478586814351
213.4720441100369
128.7878811250755
345.69469348119037
69.71066468128986
103.24050844977336
56.302602296435424
-92.41478503167556
-80.49256058945744
-69.43368387870063
132.287605791382
519.6077590625611
50.28695142551411
48.646589207629674
267.3096458990931
151.22861260752262
74.48145252718359
71.56146211915605
582.6227477616013
-139.9015426512477
175.38094036880207
-9.81155743696418
9.537003968771984
536.9670379825485
246.7185497314889
248.96633847489642
80.76408114401343
-36.20467878046777
189.83504107063905
599.8759368900429
78.88881560609246
-0.13175289188534123
58.39830747120547
245.06299162448562
-159.65029594300395
79.34353531171324
-24.769858688110318
128.09177153678564
1100.7596217327243
120.3273476240696
-16.783549383077144
-84.3150259745832
-9.717885406508017
-70.43967583380413
256.3288628745636
248.36818771647887
576.3471447128705
433.7754279180017
89.01252901302891
-30.023320016545128
122.33429788107036
73.13267296173758
455.2421966398929
173.25882703989328
-6.511904312602624
-83.47512420352001
-95.28149311707688
-30.160971644877506
17.763590162537724
-91.26877167402787
381.2054522679
-2.835132049306793
219.3918741896898
-0.20750737718084622
-47.560937734802565
162.4919167514904
62.1803218034877
368.44061951614765
123.07819691126494
166.64749942930072
-24.48851230726943
181.92520327004783
270.70130587270074
46.89926749512415
322.03546432008136
136.05303452587754
65.50098992828617
156.7259461620029
-7.097421331062165
583.5657657940184
342.04871028522894
409.6690468624288
373.30058233752754
206.09429891409596
2204.936039870397
-23.98066004182995
10.535590764465823
-57.561766607557416
259.65229668694417
387.95235172400874
48.47747388408899
-106.99103694263778
366.55133191450295
393.95613235053327
261.8460716156449
60.26918831211347
83.81526229822398
58.82620030697974
322.4094436482654
370.82834545684796
36.433109773276215
147.0573401934529
6.50214072321134
548.5191360012335
209.56327471215724
37.25060472585531
-11.907625181073797
400.8006308803832
84.11321510605228
55.904793831735745
138.54653875695135
-60.87234028400721
75.07105167795001
15.111379496939136
132.0830069058154
229.53052683061716
197.1925285521992
103.40714138861995
159.45757255248685
103.79578492344193
26.82492264084142
111.42101104708084
678.6691517274281
190.85996330838674
60.34820105299821
149.23141023279626
249.8412268813365
131.5486660581804
-6.293711652909366
87.99252732155742
47.69336177225352
72.28713611889793
90.16417363311095
90.04993296788183
240.3814431797685
205.050828136667
-48.04724832211872
343.73268608877936
-59.345674868081716
503.46341526603226
190.7705198112065
218.02135777173257
107.39452879662512
-6.560457321546892
1170.217966494522
-73.36181398025505
37.63718955833849
150.67312503514398
156.58316912224126
105.31134289743707
379.4037011569146
440.0816565797429
168.64935415595502
510.2191989599123
98.91438124866858
705.7895980399527
-56.21254250962838
-190.40398963033815
311.2633119107063
-24.771129396451897
137.58850738032493
-19.943099836409417
-67.4911332579579
-177.26442156057996
49.0281540790551
33.344794750052145
633.8304835426349
27.849270095699552
393.35257152588554
474.2174035854882
90.53238363593827
801.0991541346446
542.082782989757
-36.67011063889544
-51.8916919561475
-2.1533645822151186
275.7599782329461
180.21808328601952
156.39056579724672
132.32167916085038
158.65954492016908
-78.01874766070145
-33.97603410659066
160.5716411372739
-3.3867182110752196
302.6386616013863
302.1829062405691
497.1609683828914
60.503035813679574
441.4761202922057
-25.366426539642248
351.5112704420927
323.7991598593979
127.90066653218403
57.81867884237866
165.36340847809265
150.8066773682828
-135.75466322262193
120.4713494330237
142.97591161332664
-42.814415827125316
96.1409939127156
163.45991725604944
1534.2392147975704
-19.251551462617485
108.2328066127701
80.5010901090772
26.627152445519712
332.2986985991267
-70.3546933557545
14.295495687329634
223.77064439181513
52.977806735009466
279.0257767161414
-8.954494057362012
