-497.9971714909667
1410.0130680688303
317.9061350102059
747.7954428980904
-54.407942088516336
-1364.735528625339
-554.6100986305438
-943.7518292613906
195.55052537200328
1133.727880793347
-440.8046399881648
-8.408463195409524
439.09932960418774
180.6311118333885
1522.8300101294783
235.93382023309078
1084.818304434948
438.6671925187248
640.7503253135246
-884.6261780167738
-569.3475458068506
349.5743866310127
89.77180969465843
18733.69097493838
2147.0164476937566
851.9202961919484
-90.283137993948
-866.964006719611
-358.97164193645756
2761.1695955075966
607.6260080816928
4568.142878773695
1709.5324826641781
-235.13514478593592
1080.1403206243408
-770.8105307288567
-79.08151194347482
975.1080055155389
284.36557903869726
34.709321798706185
1601.154921193839
512.9788955839972
1012.1060003393395
-274.27240942084836
-188.12612872193813
-368.49433170001
1335.1161418183035
636.9057936396919
1429.2378231948137
-434.7456251304765
-599.9533827538039
79.49576829697429
795.7320123951299
-77.42940393066004
-295.67832566506894
501.22825076435737
-273.53742084351427
-1275.3882789070153
-477.63602183028104
115.27879857492752
-274.864486314636
2271.2052700784193
75.65914143402455
778.8333465172159
1199.381786114561
168.16707080432144
-5.5442327987817634
19.225786006904457
679.0290294912427
-320.7242795585627
895.4731827472729
1550.6158315312655
2597.3978802756155
4174.338477055362
853.6825078373427
3486.1178373575235
125.6138851573316
675.0975748843784
-219.13758272189133
-585.5963926259006
1717.2395728058787
-42.107015097372994
1271.9499777597266
1265.9958844535342
-83.21100747625064
-443.13489159446675
-827.8886630166292
-142.13664692097865
2803.4798959957466
15.255622840529043
134.27748339726799
-867.1111087909671
158.07432388278704
1872.1237505341355
574.4820224016378
-450.80597325433354
1167.2587916928615
730.2078281723818
170.51388117399102
2770.7484472257484
-266.90550048738555
1212.4363681990044
21.051245667823252
115.5326194934566
542.8384738982288
27.743425789987043
642.4939266064594
-394.44978026152444
25.59268656509795
-775.5983580559212
448.56582995520336
-484.03237039657154
-828.4953847058817
-588.9918506460847
237.6611661217923
-317.7631674847055
753.4716125788705
-1339.4469897911947
2048.946434315719
1292.970996579643
782.1952488185657
-259.02536839407776
324.815532034558
-677.9752219173773
1468.3771509705407
426.3368853551585
4081.5088708899584
-1472.822655072405
199.53216422014424
-3.29022696207511
2699.142161093339
85.39876624459538
2754.176803003235
2268.4362049387855
-4.53917948734869
1797.522978877069
-464.3407131072341
314.5984575102004
-2039.9194552928511
1648.0598978267858
-629.1955361193723
228.70029267431158
300.3086475590314
-378.89426099961906
-464.7743599708083
-1306.3531538086543
552.5106183453549
118.64297895507394
161.40863458344705
582.806918439526
-775.1065099152855
-94.7297860974237
-762.5094321259346
-617.0878263933096
-1145.6505844030576
-290.556683123795
1297.4961697257813
1883.958794759269
-83.02506597409462
746.5561976851316
-754.0175794741418
2838.0955754162483
269.1098603129446
1383.1927595290852
-361.1815712009541
-453.5442573695161
-129.27866239862414
-219.78392182914266
1478.1028322498755
-211.71930832756553
-316.5347743861649
3437.909536917916
527.4099192122733
-62.32910729315694
-6.754315869951597
2705.491041713942
1074.0056488973896
800.4480918992017
387.55526314876823
-137.71353961605735
8201.676458004238
1313.679643281218
-324.1933493731427
853.7703972556567
786.8776872460376
119.37112860094174
-246.33690480771355
1125.2702636726895
1073.1754823729152
209.24549804559825
14.34263941510693
375.6481993898772
859.973538929065
629.6965802797022
839.7578074684393
1636.7658953817754
