-7.265100208960948
465.59954726986314
-7.265100208960948
-210.42123752682565
545.4779420877785
875.0231977493326
29.463163735621233
553.72216249101
265.9158588583753
484.8278902809758
-249.10637683540483
466.1055520381345
6.917807218742752
167.2952803449562
1073.9046355781745
335.6009528059527
-371.08614992106163
285.87129881420026
16.000281437438346
984.7851852027087
245.26044109609884
-162.16297806676909
107.15996300440267
-41.372033707259675
1177.7816460632255
430.24083897417773
639.0418730088782
415.38752985326624
417.35219326365393
104.81994221065071
1864.3841992049618
143.65556867574267
759.3780568956453
-124.20286035759966
-24.663736176256876
793.6093245217132
105.16271870114375
405.18528425205363
550.5139677867519
14.196705883063071
-2.991008467270378
-96.84722639948603
-179.8091307691792
533.1618527769599
830.8694921542792
567.498665580293
335.6258955323566
153.5995572531334
-192.22945613242334
30.950804229786954
276.7197537921198
453.3451514741618
155.85238080651632
-563.3642642822596
50.0476680646822
391.19083083801087
32.21550444157735
-102.77290928275602
-176.65413138020259
-205.28231674008504
-242.16293673568373
335.004836041873
32.14231614621991
-19.672829610403173
267.60767596058236
212.24382257452348
639.9886950773102
112.6941059125528
-330.9674681295639
992.2416654784037
-179.08828043355265
2.0754807009381793
-113.984737426456
476.76697345389897
298.83524628571945
822.316968999112
173.3878848732331
570.7463657326387
-148.8837900804936
-15.523947580062632
-53.19749017069152
-66.40912797080439
248.0679352650755
73.49074225992395
47.687423480762064
-103.94049440737012
-169.35936939354428
355.87753428235055
1974.6015351507542
-129.24954097525023
731.2177048501353
-172.7903355613103
-313.0148665148203
-81.17841194568607
270.8893103401332
263.63024289326916
495.5683735360938
-259.8453881178905
-60.66916391908889
10.515956773599111
544.6634125175362
468.4356887990516
103.28588513438581
258.82979266002934
400.7485755077186
113.54870573608935
959.1809481545216
177.23227853394275
46.429130801991526
1039.6008782343094
685.4168734800287
-120.08839021681501
936.4446994073559
546.201203974769
221.50833572263886
186.6208189247656
115.57801994596076
83.00963054132113
108.41716830747966
328.5215345839185
332.06061353467805
158.73871855556686
622.1302229680294
-149.35898867456154
431.8123759649957
257.2092249442198
153.99131238199885
27.827182628624456
9.20650020125322
240.36378094158792
197.50360969914465
-28.12451070833356
186.1801944248778
93.24553876588573
21.105279387959236
-241.75066917961007
324.5281375397381
261.4076794156872
317.1312429256766
67.94720884256563
-130.84569238921853
-36.472346266484436
742.6580432005794
-0.9156480881879272
1271.890095426567
-261.95943933916413
40.241679606723565
351.5782235331839
264.6724575300044
57.9995973345748
329.95522651097536
19.563878508802674
1904.8752380196747
-19.873770989506546
-194.37978771396052
5.750789755164362
-161.8062532595012
434.5655487243313
372.9540246216611
-64.28357263493537
601.2692870722099
-227.86303345853625
172.63888653659438
-67.65210298111373
651.3060676481963
646.7561222332071
10.437144656296425
337.68470283834915
352.62317319606524
-314.675566624348
107.89609458894746
348.02272306784477
521.1817069461846
751.8087107210998
51.138199669478354
164.57992528382616
743.1437214583254
496.93349530962786
204.24518232625718
242.06380282060002
-123.16538043617413
57.75412968456599
-32.11939943187287
145.59607108513148
217.0881429428251
-445.63866728928065
126.70960256773725
559.0179792733128
831.493635844341
-34.866082482956244
127.25658297551017
149.21864304495458
203.27829123665677
57.15837529823823
370.20069387286117
-141.67739172979668
-281.0491378731651
-411.4018568039702
161.77722525874862
214.55387063332626
117.01858177581714
-85.39919238074322
37.96882178973172
547.9135562053225
87.79098083704928
374.28786917635614
379.0569689274458
-52.207319326536144
-100.35965253878433
98.20794418304507
570.9330227131287
1439.5939124145439
418.99237890174334
320.5813733339127
295.3486226384854
90.59284284303536
71.4687787204644
440.93709396978386
118.1406217146192
553.1073444755002
20.57936248824366
341.78242744875257
449.17164956445606
-194.0946960802562
152.53756352549078
-79.2073235342038
278.7042578410176
-40.08829146366163
379.3830359531573
125.67739582785083
799.2015094870092
-47.69015434012914
-154.7469239715774
401.8932371100507
66.22570507124915
76.10376472115462
264.3954044708063
-171.8822505053537
736.930511451998
1022.5816398449895
221.94175278936805
214.4151446802601
297.71960521270285
337.83523230554306
-234.6835597380994
172.44559668794062
177.26018812441515
-346.8466410925289
233.31179176261506
-193.7602475935516
182.39307891399267
271.30874604443756
1832.5069761104658
499.17349381395235
-104.77254006862852
307.1407838942361
341.29244635407713
225.12063709287096
345.19498255482466
614.4503113340952
91.9738884204477
54.02959957850726
467.5783722221991
598.1974357006712
-86.9754474475358
204.94378210298112
668.9381171891472
1251.2320249712873
554.7718493179791
2126.5804976035115
133.96637509343037
679.0485915967009
-12.573398398192502
239.80407467422796
310.7886530430718
456.34137556252176
654.7585385253489
614.2849885295807
146.83539512158364
400.5340018984801
227.7024140676807
647.3890151506378
-170.61793704266842
112.05808315577252
53.659565330168405
-9.43070599507918
-65.2019541848615
380.9171588868063
518.6203162128952
1389.0959254302097
248.8895609967924
61.434336780631654
17.87523886003401
415.21012041798696
652.2078308885096
931.175536753116
247.46764635650976
188.26256491140288
-123.41456380490314
386.4622609795042
270.1356566821911
411.8187995467111
30.232659407645347
-312.000464110644
510.4922760506133
1277.3466824599623
-22.61761310584763
755.8405199767726
320.8482646837899
-219.76367128968909
551.0005947030215
-9.831356526154138
183.647357747578
857.4719270370568
1142.2089277273872
87.26697176889765
257.7127640549664
-42.87982137838275
123.3994435526393
785.3209566930234
68.32903942522951
1065.2870203162254
84.98549196280445
861.5182074754347
-150.40384157990448
208.18041975690642
-64.21253977156748
99.7446471118335
-209.38827614112398
23.96076097260594
441.5827391189211
49.60215706406005
260.08496481827285
264.98908891459445
544.450663583201
113.9038627425981
39.0280784733899
362.78301567930407
442.5225124147992
393.7864926934002
-4.620488803547488
-331.6972206986257
-89.95132659967958
-153.1919154744623
297.3437417973648
153.9582337509927
53.52793335462134
457.65470253906733
152.0723910438191
463.94711205268396
-217.75372788612097
374.61872154571057
35.825718320892605
268.8112130752827
410.8849084837611
1162.6466984529277
272.9760081911885
488.6472028235332
-114.42183415716123
227.47619843247543
-204.07077132055701
-80.35645819002528
1160.680932113734
412.3616352858715
4571.243515737676
340.0181189351144
178.4384759526649
395.39479823612953
71.59015599991471
2205.8020795592074
25.979793446803882
90.83604973754225
-54.806668622845734
569.590232194467
347.83440964351246
-63.46707857455104
1454.4565235885082
129.20879904560329
-145.2011439834829
1836.2958917845567
319.5031429856454
311.6854821580555
376.9579144677007
-369.7326640159824
60.164022276177626
-222.07857897832852
341.64741858731526
447.77417664649204
612.139930127027
1019.4225039976718
378.25687573865656
-4.657486078328482
123.60526275126459
766.5172063213191
394.2676059707339
166.5926292985544
-355.46176154733837
-129.57081334549096
262.7193857698362
-36.061470829660266
95.78016728680257
265.304423037258
480.9073413494355
35.60790483267773
1333.8397035413604
281.3147077903582
229.65328599401016
263.81458345137264
106.16252482204754
359.3595828098073
-205.34803236619942
443.8594827859515
-141.18888169214867
16.08460834528897
542.1709462626525
30.318345238259617
264.66765589403093
-146.00385543925876
-75.6456047132733
150.17874721175954
684.8511896684004
333.3638803499798
-48.3583562244165
292.7272856672469
-97.59368367974832
-144.21899402758015
-108.71025364511868
9.20650020125322
1749.6452068993285
116.59513801142
-7.303226800464181
969.6515960116183
333.42634447283115
-95.08239360860469
560.1822140936875
112.23397745529667
-183.72379245760624
295.2657198729019
326.06969599863413
515.341268631397
880.1144751749013
39.08564227292783
85.23850805845578
1592.8120923501663
581.4358549185217
383.06980572349283
340.63615283326004
-388.4328566415873
-5.194061063205993
353.61976896888314
-166.44859277591397
365.71726615087965
145.0773698468298
289.15019947978396
276.6050346772678
111.6403697273432
-48.339667661315595
573.5291763698254
-382.4548607880513
472.4536880130405
210.52032277270803
362.2134076358577
81.85722848979017
205.91197280515595
-390.5481142097897
-28.40955916378902
36.37792934060174
310.11068101465804
-406.0219496233765
343.8773616395534
216.31630649225704
221.15151531619898
-283.4191110319687
121.32225503877945
583.0582880641659
619.9924715697049
445.5845066784126
104.31841998001292
151.00422762907436
147.94970671565608
619.4072919166621
21.67627070723777
167.93446349741922
158.9768180907555
-23.45520562101663
868.0831146415072
-16.780123405938454
522.5447427797459
588.3172469426083
877.8326123391421
517.6344121869076
-29.652831786077094
65.89419098929625
3677.935063759936
1026.7598619265036
569.3124829612076
86.97518234538938
218.2473730879816
-66.05912422139656
226.19320514442194
476.55547376010793
1683.3055594931914
271.20445970290683
-33.04631924099231
-155.62530697183092
-11.496470020027331
407.33130197871753
576.2554434610934
139.22762032935344
713.8232261169247
239.87735313328784
100.75847416839935
274.702731740314
-252.472714313187
40.717422512644646
53.38398848713612
532.71180202734
532.71180202734
3604.7595457837715
139.1193977328557
361.725811607066
924.2684870007862
14.61512986011666
434.4301558273881
67.67693665890002
145.12893964641466
60.383290268883975
756.6743808544112
1182.299696390551
-41.60427154224011
641.9310971655839
398.41454663508017
365.45134542049226
-82.87756371073905
-72.9952566243467
86.48699273090375
182.275179046575
67.91017663581877
622.5186297942757
547.2424614964958
1156.9538891754742
15.025377828451845
-401.9645104568492
153.75782259507858
10.556894270615548
-94.7922752412716
428.33023533685434
723.0141856073858
-513.3442639175878
883.5564038166442
1013.3937596000427
384.6056763838295
-322.5006580377668
116.42135373569309
-199.9594676137712
265.41634833829755
-238.62262495583235
834.9211788055311
305.4011426123247
463.663505841776
142.0772500278487
-121.35230969579717
688.8319351687353
-18.464446710267225
-62.597970195324905
1398.060390818453
-255.4860129159348
136.96131880867944
-32.96357427045428
-241.57000696654396
601.5470332159908
-53.33580105106699
131.75857879903404
134.49562394934568
433.8467828389841
-223.2491209489001
-141.11414363933014
304.1188861778474
2.571208779316809
706.8074025699258
431.03225262458466
177.6623486883971
870.8643277712938
-5.320605825627409
-22.690497900589804
-271.1916404472655
240.59131599613923
430.0572876346082
304.6551232141073
-172.96933873511256
364.8585831087004
231.74703100284052
277.3673494986466
-60.270625684967854
1558.5356555437845
-158.7765336988185
414.8220484339658
503.7607150636959
-149.1175013396869
574.2642612132415
685.829947258573
330.2839174469245
-60.1265344759403
45.190728433565354
687.732032473735
175.31509035141235
138.08472015894586
875.918463640114
9.293572249772751
114.7922577589246
-231.4112270392879
-167.68431850517806
78.93286062316048
2621.390584470692
235.63068061410755
307.9026042132525
106.58224211864339
17.904903074209837
-13.768430961327162
249.09858235777463
162.12367572399566
676.7026958769281
146.81235753823742
703.3108889778529
822.3898835091195
259.7790210222395
579.4093990486634
16.150975066408417
215.13793839640456
386.0717559580813
523.0350029246932
209.22379204758911
28.560996689124842
173.56075077121787
-88.31546467978708
107.10856600243521
854.1989418703904
1050.8376288148158
316.2303211690524
673.5954659256937
400.7289955801131
1270.6291378894368
333.50327652418497
220.3703913551535
721.8137269097529
-47.493971112994075
1627.4827795931865
20.97256265013816
210.32226520901906
-121.23086767635394
1366.5730844369432
-154.70283246783646
189.06429961786122
328.3860143022141
773.891744045969
894.6235482348561
-167.82843078840048
230.6525547620974
123.8932701789962
904.1101828591976
323.6503624791126
-21.526739108847607
778.2762077976927
2944.4586271970875
1919.030156912066
336.08941306040356
-13.694106085349368
9.2075151126501
183.2988154295773
1123.5122264345769
93.61198138358819
325.08414317985876
468.81957115657667
268.338308761516
152.27059914336002
73.78133273489253
10.274689800940436
486.9209937794768
66.7646744562623
865.0692203878816
33.49737979989504
-847.7808304564994
382.71495628977004
-144.5489636943462
-13.73938049056735
