1515.6143049803404
4382.018553861601
1.917164979934114
1183.3303047601044
327.02860380508844
-693.7946173280515
-304.3893409202835
371.1836728831606
-693.7946173280515
-565.5007867605248
-631.8800276463412
256.4850306385905
3719.150290141967
4398.9368312721
1570.824775160394
601.4914943934879
2790.669651395612
193.98345162552687
1127.7258042106669
-118.08286465228878
2190.4167512951226
1734.5794761563538
-130.6209108622894
2361.6700606259847
-556.7901770156587
1153.8867657859569
757.3748441558276
2329.8657672988197
-173.3970888586515
-1075.7243952073936
28.557282456215432
-120.83026069687668
-747.0527933155093
1200.969644404318
1180.22661709279
491.279388103948
178.94811366409448
-729.7924958735696
1050.440647336854
797.5409862630087
1183.82689096469
-495.8556486981691
233.1801911779312
3123.5821710736964
323.76572839393634
1754.0453796443358
1505.635499093501
98.58627199203397
2612.9981056672696
2669.02949830369
14.141271851414444
429.4246820648922
-229.1827044827978
2478.936974393741
-1724.2969382377582
-1035.933525739329
-636.6439552445639
372.42566494845175
1218.7131070049863
169.9522009460419
-972.6059961984596
1840.869642410692
2879.965344868214
2496.042801398102
-162.13083630269702
3967.5444898446394
14.385201088173005
2356.422195815151
11580.373993329411
851.642619137862
-282.36790051699296
11580.373993329411
77.74728563164592
1351.5835522501916
-1497.0464424625438
2190.4401787504366
-127.50935959626167
-340.1029306075709
535.889043536745
427.5846615719747
-717.5097786124184
-279.74161591534096
-714.4797166082368
-279.74161591534096
1067.2406345838272
1771.86358139912
-501.38731376532485
2025.1332831465634
190.7014346315242
260.92982392475733
89.61981982400653
-76.38485970242536
23.376128157513733
1821.660056027355
362.6931909604473
4867.200829547357
2516.737721395631
359.4640771504472
-1120.1896771945317
271.7673105541355
-4.731131926661078
-610.8968143661548
2464.7843252500006
59.652345839136444
1164.1434586495325
2451.4105660731075
-1079.220736114274
-677.8129640969044
2308.219162076111
81.48103267069558
1068.1442015976327
-441.0664549258662
46.427533459371716
174.76149575313036
-121.44906038397815
-519.9430113475328
1700.4918595918334
-424.00648305724945
215.95254551462438
541.55073692854
165.45160870459392
-279.74161591534096
91.90436076499759
1473.72516034183
-207.2418972635462
107.93736770571957
-596.0169255917513
-995.4648027200095
-324.7995579553209
718.0369932174611
-241.00691357576125
1026.898618251238
1365.4449334452283
289.56453572576834
-216.5679427451073
831.9884582648789
-2773.014077827111
30.571459342374737
-738.5812062123359
3694.4221691454286
640.6314428529284
92.98458540703575
-1021.0269368689488
-150.0027301800742
-445.74204885903544
1415.7997099156055
1902.121407044167
941.4475788955648
2493.4870971526598
1515.9843644350785
-655.5204240331191
234.88802817415797
-925.6120707722008
812.4322766070035
2703.390665662363
4026.7859876546017
