49.429336670450894
109.69917782723701
1.1741502555922523
2.63536746696834
11.348485792560357
7.14881365359042
9.726800149478166
9.711353035605555
3.428905837617812
12.84036071295337
4.0915105261808975
22.655628408421578
24.42590947313012
1.1629016368617542
-0.30307502581194967
6.628313053888686
30.85064231621773
-8.795858342248486
36.7205916451293
9.330320191606432
28.15869580415248
2.5819320575991718
2.999627528259772
26.42452097364142
19.352984500217254
2.941847865275541
44.75929382257364
84.72968189167094
54.48486501503377
-32.36756576074448
-3.38832064601187
6.679309626634538
-11.888731100585389
21.884631704685603
-26.602733210629125
33.393550678494584
73.14745510462873
16.302415374306054
60.713091369142944
-0.9635383750746627
2.6457612740086383
25.424481329744413
16.29006621146377
153.82353743732972
18.974733490867045
31.626530673623378
44.3185178152045
39.9883554167474
18.79238946521655
46.15479404224853
35.41340240421516
36.86635653774323
-2.9608913756217277
19.989490544414288
-2.7042246901525004
25.20465625628113
7.568146886944518
-0.12736122758473556
7.851245390859045
40.015096372295325
0.4118887334599819
7.06453838610247
5.891508554976067
-3.572752418976208
35.5106323586944
9.448581848544737
45.35465276537736
40.103090916058775
-7.952933468263481
213.88908408927415
-14.664475814613368
-0.5046194028859929
28.10650518056056
-4.552887967653305
-1.4721850552216296
16.032897046764752
-3.3863159385464243
-27.09932634211649
10.250227811179542
14.975504286076884
-18.16660771711426
0.39979234242528605
24.963984623618487
38.04338607639746
14.189210552512879
-9.899754131681512
71.44609646998948
-17.949074206801043
61.32920988545568
-5.698553883030037
9.506899577843342
30.967690591328637
84.43528319136695
2.132148478080527
-15.445748028063669
-17.443976271109413
26.01120416029426
-24.499849079018006
17.065732965880112
123.73939253860893
-0.03676309722570181
19.610949026393428
25.943043413757508
50.49730396366026
34.37091739188716
36.18851949545286
-2.746878207027045
-10.119213380276832
1.8775460622500653
69.19330885991076
79.476887865446
64.54572958044673
-8.549806174553844
42.5751054778099
-6.214758337899369
41.58810798642193
38.6991238891492
-13.658220792859204
6.877003957091631
41.55062345247082
161.141687654745
18.216189181205234
17.30006790543822
67.14210995763986
-13.147924751349507
15.208474178449567
17.48699213371244
61.308915785377636
33.9142632776459
-5.9663312663008625
13.052937223533242
-1.0275556446849379
126.37849031415001
-16.456495456190538
-23.879103392698525
8.275245216243167
-1.0102176039536133
19.57106321001728
24.36028086492382
3.638552660691797
110.81002563078019
25.746241916963044
67.23635248787922
1.5316049196140824
-6.6988357381027726
15.951847358808557
-6.094176931610448
13.807107242608634
-7.680447290826756
74.34564864770789
16.902157974560275
11.475249006986665
16.39543614781829
12.170908608686371
-6.520481053647941
-17.443976271109413
-4.0663567367079025
54.23542573965081
38.98511617595358
-11.614895238734391
19.83375405768295
363.46480073474925
-8.05608207319343
19.55669317966506
14.303609062182602
-20.63415314579214
-7.308934816206808
18.912533689739274
-2.8278192891256424
4.1376150228305555
54.39130477521745
19.721817084482602
9.069895788038771
-7.216506061882946
5.390847323642827
-14.566778310555726
14.351081016598059
13.694764973591624
27.57650351100644
28.409234887966583
-7.770172409961155
42.73156458950464
69.83249982674889
-6.22979133383398
21.321267884336113
51.96381358026611
20.43381179258808
30.057829754773657
-3.7888411606878094
-1.473382213744884
-17.959654049673816
-5.319013479134583
19.614809998662157
-31.498020208715488
-8.28358425417182
